342
80	0.02239527093255187
104	0.050454627304903965
110	0.022902888168110595
170	0.037472200990821145
193	0.08791032089125703
214	0.02739513982402164
226	0.04130653986133258
230	0.0199776121948223
238	0.06506799701148108
313	0.05299445710736479
322	0.06506799701148108
361	0.0474759006894949
424	0.057915085668602
481	0.017753563937655495
510	0.03317007800373674
532	0.05488192133585626
557	0.021755098594248155
614	0.017753563937655495
749	0.039425078076276564
848	0.03271135938578459
895	0.06088381210491381
914	0.03986427072866367
938	0.02010907218562396
960	0.027279638741915243
969	0.05561236254709073
1026	0.03613880444004855
1081	0.04845945120421165
1093	0.06136282692049932
1099	0.03553160168161748
1164	0.05455081219922202
1175	0.03553160168161748
1205	0.038599079777949394
1285	0.07222090835436017
1353	0.023166378305062987
1393	0.09611095941717669
1403	0.039003816739821305
1426	0.05214014748888691
1430	0.052750206452628845
1488	0.05561236254709073
1602	0.018461773731423756
1672	0.10428029497777382
1775	0.06088381210491381
1796	0.0324894267521655
1798	0.057054348958434635
1875	0.04996732375226344
1881	0.02979886998087011
1883	0.06088381210491381
1899	0.0324894267521655
1903	0.06506799701148108
1913	0.03068141346024966
1935	0.050762174325722914
1951	0.014877389419679992
1959	0.06634015600747348
2028	0.026254406298107474
2059	0.014641055356536526
2081	0.03441489487138212
2106	0.04080305123944056
2117	0.11122472509418146
2142	0.03468294811684233
2181	0.02867782634782569
2226	0.1113670648642959
2246	0.03220562715703032
2265	0.04239380451258838
2317	0.027261983528503043
2336	0.031056708263142024
2353	0.0100871402035462
2372	0.05735565269565138
2396	0.04239380451258838
2467	0.06088381210491381
2472	0.08160610247888112
2475	0.040322989346615816
2480	0.08855053259528875
2522	0.02325572492139424
2538	0.02590056124253935
2548	0.008597065482352433
2561	0.02010907218562396
2605	0.030867354882225466
2626	0.05859077589833737
2638	0.016992570387962067
2715	0.04298364903358385
2802	0.03441489487138212
2816	0.026497228553682396
2835	0.060638579295884135
2880	0.01305586663985801
3070	0.09433850530521093
3109	0.030867354882225466
3122	0.03144616843507031
3142	0.023345851867395975
3149	0.08855053259528875
3168	0.04130653986133258
3175	0.050762174325722914
3176	0.04575199112082848
3233	0.0949518013789898
3267	0.16534737824994827
3276	0.08855053259528875
3321	0.05504881343365146
3391	0.023621054035706895
3427	0.014184029981630639
3441	0.06211341652628405
3497	0.07356796274188838
3528	0.026375103226314422
3532	0.027805238942274157
3545	0.029465954989994204
3629	0.038599079777949394
3642	0.036477282737437174
3676	0.04080305123944056
3688	0.029631070028065108
3702	0.05488192133585626
3713	0.039425078076276564
3740	0.016895216177970813
3751	0.04360926298284384
3765	0.039425078076276564
3771	0.0722776088800971
3772	0.08259011032188975
3802	0.029631070028065108
3935	0.03986427072866367
3938	0.044275266297644375
3942	0.028087981826830217
3968	0.03468294811684233
3981	0.03317007800373674
4011	0.02979886998087011
4029	0.022617724777089367
4060	0.025227313652451983
4146	0.08375442788691931
4147	0.054001434351148826
4223	0.21666272506308046
4313	0.0474759006894949
4355	0.037472200990821145
4423	0.021677798834139502
4428	0.023422687950198997
4474	0.07222090835436017
4479	0.025012316923466543
4531	0.02979886998087011
4570	0.03441489487138212
4654	0.039060517265558245
4772	0.053241632989154665
4804	0.038599079777949394
4809	0.01292313851145448
4852	0.017140345749312152
4914	0.038599079777949394
4921	0.01269489448981625
4952	0.01675088557738386
4974	0.044275266297644375
4982	0.013818052984989655
5015	0.02739513982402164
5159	0.07222090835436017
5166	0.07222090835436017
5229	0.14338913173912843
5230	0.032059386623413656
5241	0.03553160168161748
5292	0.019912504914359603
5322	0.04575199112082848
5338	0.0474759006894949
5407	0.01410978887205149
5452	0.03583073769070477
5495	0.07222090835436017
5532	0.07222090835436017
5683	0.023658564111233262
5688	0.04360926298284384
5755	0.029465954989994204
5787	0.009621889586395722
5802	0.07222090835436017
5818	0.031056708263142024
5827	0.01536694222618972
5829	0.04360926298284384
5913	0.10152434865144583
5923	0.03271135938578459
6063	0.015283720245130989
6134	0.07222090835436017
6138	0.025785258705318947
6145	0.08280497438931642
6163	0.0599328365844669
6197	0.01665577458408781
6242	0.016514731800052168
6263	0.029631070028065108
6329	0.04475193014598336
6369	0.03014288416047106
6395	0.014258809074956037
6421	0.03408318817858409
6422	0.02601716666085765
6612	0.025558448042905507
6619	0.07222090835436017
6639	0.01729026804319348
6714	0.04351019718849631
6753	0.021374263136338237
6809	0.023345851867395975
6837	0.07222090835436017
6848	0.02024222848114256
6874	0.06088381210491381
6962	0.04259950801197683
7099	0.027000717175574413
7154	0.01231499380881918
7163	0.032059386623413656
7183	0.018575175638797677
7208	0.026620816494577332
7209	0.031056708263142024
7237	0.006020509518633811
7366	0.04183585945972141
7393	0.020863655183551717
7454	0.008172335999427863
7476	0.029995235222655032
7503	0.032059386623413656
7640	0.07222090835436017
7733	0.0371223549547653
7758	0.050762174325722914
7769	0.04080305123944056
7778	0.04845945120421165
7785	0.02996944361188622
7797	0.07222090835436017
7800	0.028232312427417167
7806	0.03389881385046291
7821	0.026745902507583828
7894	0.07222090835436017
7919	0.05067848168246442
7925	0.05373090076203473
7939	0.04954671585546745
7951	0.02352850211737059
8008	0.0371223549547653
8029	0.04360926298284384
8057	0.016703220505470934
8119	0.07222090835436017
8131	0.016943778478047792
8136	0.016147778659340868
8158	0.03820961960602111
8218	0.01237734728990004
8230	0.07222090835436017
8269	0.039425078076276564
8299	0.03553160168161748
8308	0.03678398137094419
8336	0.030319289647942067
8339	0.07222090835436017
8451	0.022313043647115123
8500	0.0518011224850787
8554	0.024493641441258426
8589	0.05373090076203473
8636	0.0990934317109349
8662	0.046577989419155655
8675	0.019344317210803316
8849	0.02930344029708568
8859	0.012408665886692247
8872	0.04360926298284384
8911	0.010366404888695472
8918	0.02898589309716947
8930	0.04669170373479195
8931	0.032059386623413656
8938	0.024801708190602196
9109	0.02979886998087011
9114	0.044275266297644375
9170	0.038599079777949394
9171	0.07222090835436017
9217	0.059262140056130216
9235	0.0352408931697093
9278	0.011983682628777944
9310	0.03358664686145641
9362	0.0969189024084233
9405	0.10844641385743739
9410	0.08513607101621519
9456	0.31056708263142024
9458	0.07222090835436017
9467	0.044275266297644375
9469	0.046577989419155655
9505	0.024697994054063137
9671	0.037472200990821145
9695	0.04575199112082848
9718	0.040322989346615816
9758	0.07222090835436017
9763	0.03271135938578459
9790	0.0444629327730844
9864	0.03271135938578459
9875	0.03144616843507031
9889	0.03441489487138212
9934	0.0352408931697093
9938	0.07222090835436017
9941	0.0474759006894949
10010	0.06506799701148108
10050	0.025012316923466543
10075	0.1853310264405039
10091	0.06088381210491381
10181	0.02753003677396325
10239	0.050762174325722914
10248	0.020652327599395084
10250	0.06088381210491381
10265	0.0220702213915402
10279	0.019847805832695332
10285	0.006434032747296435
10330	0.021524915004946608
10383	0.02898589309716947
10393	0.04898728288251685
10403	0.039003816739821305
10425	0.018805787911024715
10431	0.04575199112082848
10450	0.05214014748888691
10464	0.03293817004819803
10473	0.21739695784199417
10539	0.04360926298284384
10566	0.14444181670872033
10582	0.046577989419155655
10585	0.030867354882225466
10586	0.014410012801620763
10595	0.02419450543217113
10610	0.02979886998087011
10611	0.038599079777949394
10613	0.024595311916097103
10634	0.07222090835436017
10692	0.01858403087053984
10728	0.0400862657152243
10786	0.028087981826830217
10800	0.057915085668602
10944	0.02010907218562396
10955	0.05373090076203473
10969	0.06088381210491381
11045	0.027000717175574413
11122	0.03293817004819803
11150	0.05589128411343157
11162	0.03441489487138212
11262	0.018518318912476142
11292	0.009790867135168711
11310	0.039425078076276564
11458	0.011030692723528256
11591	0.013089317138263487
11728	0.048586514184382465
11755	0.03583073769070477
11773	0.03613880444004855
11817	0.03553160168161748
11831	0.0756686496062575
11862	0.013224214088205084
11869	0.04960341638120439
11922	0.04960341638120439
11982	0.057915085668602
11988	0.057915085668602
11991	0.02239527093255187
11992	0.022730893024629634
12041	0.04382291437479261
12091	0.06088381210491381
12111	0.03389881385046291
12132	0.021152330502719148
12145	0.03144616843507031
12152	0.02996944361188622
12168	0.039425078076276564
12218	0.013186956739856922
12246	0.05373090076203473
12248	0.044275266297644375
