293
62	0.05559927651764372
85	0.022673380676457227
118	0.07473223409622616
162	0.047342917566666025
214	0.028347746505517784
236	0.01958106417713547
309	0.07473223409622616
447	0.03274699314772547
454	0.027292240343333492
471	0.029519145215182674
478	0.018535612918652647
481	0.018370905690098388
578	0.02463658143826428
614	0.018370905690098388
880	0.04581484283461732
938	0.02080832163810956
956	0.12778406665138659
959	0.0444783123763339
960	0.014114114561660805
1003	0.025450560643253125
1186	0.015394718429695852
1205	0.039941279216692
1223	0.06723835246662167
1228	0.1805027227853204
1229	0.057546162063225756
1311	0.043290610904812364
1522	0.02087699265896649
1533	0.08665216895645299
1555	0.06733059574625215
1626	0.06733059574625215
1682	0.027292240343333492
1722	0.021663042239113247
1739	0.018535612918652647
1798	0.029519145215182674
1824	0.043867957289035295
1876	0.028917391261608836
1908	0.05559927651764372
1909	0.018872850638715397
1979	0.07353427242027177
2026	0.06300091486761773
2079	0.0279396086633297
2086	0.030156845533665617
2112	0.038063064691966894
2123	0.0451256806963301
2129	0.033174182390046415
2145	0.04079599981769569
2222	0.07572352610131615
2253	0.057546162063225756
2265	0.043867957289035295
2385	0.03772404234635609
2401	0.06733059574625215
2435	0.055092995517144444
2444	0.09408524248395662
2446	0.04655156989316227
2447	0.06300091486761773
2657	0.025241175367105382
2676	0.03213663806042686
2683	0.02173745582904752
2686	0.04704262124197831
2708	0.038063064691966894
2728	0.07473223409622616
2739	0.037631799066725605
2750	0.026104538871811956
2789	0.0930346984040079
2805	0.023971938959296966
2825	0.025138002516743974
2842	0.04581484283461732
2880	0.0270197122769939
2881	0.022920765646408058
2978	0.0512695956390093
3026	0.0451256806963301
3057	0.0889566247526678
3070	0.032539640866717984
3080	0.03772404234635609
3113	0.07473223409622616
3163	0.059928957396278126
3179	0.030156845533665617
3258	0.01922108715949622
3262	0.0412504644437911
3321	0.03797534449957064
3348	0.04022004986440664
3445	0.043867957289035295
3555	0.03707667402635988
3565	0.032958451680251334
3678	0.07479090625999847
3702	0.01893010711338445
3740	0.017482710745249642
3797	0.07473223409622616
3837	0.07473223409622616
3868	0.018208700440454532
3884	0.05783478252321767
4041	0.01864684628843811
4060	0.05220907774362391
4105	0.06300091486761773
4113	0.029675035676385866
4121	0.02369928652324402
4123	0.03534124701330371
4134	0.029365497860161863
4146	0.017333361360478833
4294	0.028347746505517784
4326	0.0412504644437911
4440	0.057546162063225756
4616	0.037395453129999236
4654	0.04041876219399766
4809	0.013372512676762332
4853	0.03456898479071077
4885	0.026104538871811956
4906	0.021887857004702405
5023	0.053953208243136284
5089	0.03507757171686479
5119	0.03914993154318826
5162	0.044235013730417314
5168	0.07473223409622616
5185	0.07473223409622616
5205	0.01407760749382202
5215	0.07473223409622616
5224	0.06300091486761773
5227	0.051764132194015836
5233	0.03361917623331084
5257	0.06733059574625215
5301	0.07473223409622616
5323	0.048197638167669705
5334	0.057257541603233854
5335	0.059928957396278126
5338	0.04912677235860766
5347	0.057546162063225756
5482	0.14946446819245232
5591	0.025241175367105382
5610	0.023880279109449162
5613	0.0451256806963301
5656	0.09639527633533941
5683	0.012240619730688535
5708	0.12600182973523547
5755	0.060981139571838865
5818	0.06427327612085372
5860	0.1008575286999325
5867	0.37861763050658076
6019	0.06753475515516746
6027	0.05812936117817452
6042	0.0551598357504836
6057	0.06733059574625215
6063	0.0158151785299638
6068	0.05966647141954218
6080	0.04912677235860766
6119	0.038775215659244994
6145	0.012240619730688535
6197	0.03446988617658053
6214	0.025556813330277317
6235	0.016387761002913438
6247	0.04079599981769569
6468	0.03119103770286147
6540	0.05014452371325174
6610	0.029675035676385866
6639	0.017891499683864383
6648	0.05185211651663106
6775	0.22431597359797076
6862	0.07473223409622616
6875	0.06733059574625215
7004	0.022040406841150696
7154	0.0509728842344968
7159	0.06723835246662167
7203	0.048197638167669705
7207	0.030490569785919432
7232	0.04581484283461732
7237	0.012459719407501377
7285	0.01826249555141679
7346	0.029519145215182674
7425	0.07473223409622616
7435	0.0451256806963301
7452	0.022920765646408058
7454	0.008456511292070833
7523	0.0412504644437911
7526	0.034820250664553846
7527	0.11289539720017683
7528	0.05559927651764372
7530	0.059928957396278126
7622	0.04222188901452786
7629	0.059928957396278126
7645	0.047342917566666025
7765	0.04079599981769569
7778	0.05014452371325174
7802	0.07436433907109458
7930	0.04655156989316227
7967	0.06733059574625215
8134	0.05243507576667364
8136	0.08354641352493122
8143	0.030322403996382075
8166	0.02621753788333682
8188	0.02434665484324023
8191	0.026331745463358466
8225	0.03561159833805759
8291	0.021942690495781906
8293	0.01708899584677376
8313	0.03772404234635609
8324	0.043290610904812364
8328	0.03534124701330371
8362	0.037395453129999236
8369	0.03274699314772547
8378	0.042742885363277736
8524	0.01743269516462167
8575	0.06733059574625215
8576	0.06300091486761773
8602	0.02308893143594542
8628	0.03384882609381709
8656	0.06733059574625215
8686	0.028772105932811702
8720	0.0227552071836916
8779	0.0512695956390093
8795	0.09700694373731167
8803	0.030322403996382075
8817	0.07473223409622616
8830	0.057546162063225756
8857	0.047342917566666025
8859	0.01284015038022096
8918	0.029993814780025222
8938	0.025664133901390808
8977	0.06733059574625215
9018	0.04581484283461732
9201	0.024251735934327917
9237	0.03663312608769726
9243	0.031121842229450143
9278	0.011367023478736
9309	0.032745842098188656
9310	0.013032956173726793
9456	0.06427327612085372
9472	0.06733059574625215
9543	0.043290610904812364
9554	0.022511585051722488
9572	0.03507757171686479
9588	0.02308893143594542
9590	0.03174829319321424
9606	0.06591690336050267
9607	0.05433469288147352
9608	0.05812936117817452
9609	0.07473223409622616
9631	0.06733059574625215
9671	0.038775215659244994
9695	0.047342917566666025
9790	0.023004517502737163
9898	0.05014452371325174
9955	0.02308893143594542
9972	0.01773636416676996
10081	0.02621753788333682
10132	0.022592176430051205
10148	0.06132285268398576
10176	0.0412504644437911
10326	0.04581484283461732
10586	0.04473326940460687
10690	0.047342917566666025
10692	0.009615125156376062
10769	0.03456898479071077
10813	0.019890601993359475
10906	0.038775215659244994
10913	0.14946446819245232
10998	0.008521293939352735
11021	0.16679782955293118
11064	0.017333361360478833
11115	0.03507757171686479
11141	0.04222188901452786
11177	0.023789399352887455
11179	0.027675933366890774
11185	0.11523961345392994
11237	0.12600182973523547
11262	0.01916225336360213
11292	0.020262646688417096
11358	0.07473223409622616
11363	0.052527319046304116
11384	0.03194070032560725
11386	0.04912677235860766
11460	0.030156845533665617
11488	0.06733059574625215
11591	0.01354446980556976
11730	0.021963859510187856
11821	0.10309017616028956
11835	0.019103741946289485
11836	0.030156845533665617
11843	0.057546162063225756
11862	0.0136840575049163
11878	0.029519145215182674
11890	0.04289563759132474
11891	0.07326625217539452
11985	0.020604919165522165
11991	0.023174017997224943
11992	0.023521310620989156
12041	0.022673380676457227
12109	0.019703804688750836
12111	0.03507757171686479
12179	0.032958451680251334
12218	0.00682275230646762
12255	0.057257541603233854
12256	0.13702599337261406
12293	0.042742885363277736
12294	0.07473223409622616
