242
13	0.21732240207178452
57	0.04171814667869699
80	0.024932861507180035
85	0.04878845441246964
162	0.10187222666150302
201	0.02569272587343288
210	0.03827574500806745
276	0.047197413233276225
382	0.07244080069059484
480	0.05617160153044025
481	0.03953041267056393
502	0.03209749532221183
517	0.08040420280447227
562	0.11981943116215797
578	0.07951928833629487
601	0.06447739857671742
657	0.10790070718299485
660	0.014647303002867833
680	0.0402336640111423
711	0.03692855351204675
844	0.043892302734180676
862	0.08040420280447227
956	0.02749650437852259
1400	0.06447739857671742
1515	0.017631546482242962
1522	0.022461498334676262
1612	0.042936047714061475
1643	0.036417857847474915
1644	0.024306859783387442
1664	0.02963720032083221
1722	0.02330720689164394
1739	0.019942414384368085
2077	0.04929206197671555
2078	0.02883533351140773
2112	0.04095194543377367
2126	0.05804810668375454
2206	0.02439422720623482
2353	0.011230106144104034
2362	0.019942414384368085
2366	0.05804810668375454
2435	0.05927440064166442
2440	0.03457571950461691
2444	0.025306512675130937
2472	0.04542641295509523
2548	0.019142384451182586
2549	0.04171814667869699
2570	0.07244080069059484
2609	0.06447739857671742
2659	0.021133050836160253
2739	0.06073192192064317
2745	0.028965151398169315
2750	0.028085800765220124
2789	0.033365257748960694
2802	0.0766288392041844
2817	0.08190389086754735
2880	0.058140866572798315
2884	0.07244080069059484
2920	0.03175956623269303
2937	0.08778460546836135
3142	0.025991152021780796
3348	0.014424213260459909
3427	0.01579121128789974
3445	0.047197413233276225
3494	0.05804810668375454
3555	0.03989069046018645
3566	0.0700186182059933
3661	0.018282500051300696
3702	0.04073369918247386
3718	0.02589081286225493
3740	0.018809599864537747
3771	0.0402336640111423
3786	0.026506429445431624
3801	0.025594948596120392
3809	0.0383144196020922
3857	0.030499261619083874
3862	0.4824252168268336
3994	0.03692855351204675
4006	0.018648915276862053
4041	0.020062090057536626
4099	0.039234011119398796
4121	0.02549799645334615
4122	0.04489195562592417
4358	0.03175956623269303
4387	0.0177785262362068
4529	0.020002096392548394
4695	0.04489195562592417
4809	0.014387449194725342
4852	0.019082504875241792
4921	0.014133343022110294
4952	0.07459566110744821
5014	0.05008470456987711
5021	0.033365257748960694
5171	0.05185570484805811
5216	0.0374630108412178
5217	0.041328659862838124
5273	0.035928900620303246
5308	0.08040420280447227
5317	0.025025141206018817
5334	0.030801614877618143
5370	0.018543027331554197
5372	0.047197413233276225
5383	0.050803711270166536
5415	0.023879719110654608
5456	0.022025163840634614
5471	0.06447739857671742
5498	0.06872982128140838
5585	0.0528553577398016
5601	0.08040420280447227
5631	0.11675769258143043
5684	0.027268996731527148
5781	0.04095194543377367
5787	0.010712138344630704
5827	0.03421631678119353
5860	0.18085389100651292
5867	0.05431382074371778
5874	0.08040420280447227
6027	0.06254121801104273
6040	0.020807568423936846
6042	0.029673156931402555
6043	0.03989069046018645
6058	0.025025141206018817
6068	0.03209749532221183
6133	0.024134093208334404
6169	0.029499608727340382
6235	0.017631546482242962
6242	0.018386003100343117
6244	0.05804810668375454
6394	0.01964856816860556
6610	0.06385457669261804
6655	0.038919230860476814
6759	0.062342729435063346
6775	0.19307274566667523
6798	0.042665720813997825
6819	0.07244080069059484
6904	0.026401508526826763
6929	0.08876251992270469
6933	0.06417120017552969
6951	0.038612845750440106
7004	0.02371321241737705
7061	0.03500930910299665
7099	0.060120294499730303
7154	0.027420792186154723
7208	0.02963720032083221
7237	0.033513443637909035
7266	0.10790070718299485
7296	0.06778250907581296
7436	0.03209749532221183
7439	0.026194498228244836
7453	0.012653212982278922
7527	0.02024397397354772
7547	0.024306859783387442
7619	0.04542641295509523
7624	0.02106721248555972
7804	0.033365257748960694
7806	0.037739861845688366
7828	0.02363085535690228
7877	0.027846442925592515
7908	0.0528553577398016
7936	0.037192674586419
8057	0.018595849313055947
8064	0.016923596016074714
8131	0.037727329441454155
8136	0.08988735393612561
8218	0.02755962959633492
8291	0.0157387197821215
8293	0.018386003100343117
8294	0.025306512675130937
8331	0.1642752403552374
8350	0.04095194543377367
8357	0.03955765958465714
8406	0.04489195562592417
8414	0.048964528235553334
8441	0.04348643382408978
8444	0.03989069046018645
8571	0.031270609005521366
8694	0.02749650437852259
8721	0.02338726826608084
8778	0.06711670141999564
8803	0.0978713703636231
8842	0.13566423070047157
8859	0.027629364161169703
8911	0.0577050704578699
8913	0.0315942574707797
8915	0.05516081534715364
8970	0.023148738713879295
8993	0.07244080069059484
9004	0.03989069046018645
9069	0.0973790079677626
9237	0.0591202176999902
9278	0.006670772151611423
9309	0.007046232086881887
9310	0.03739232346013129
9596	0.05617160153044025
9607	0.08768781741762473
9608	0.0938118270165641
9627	0.019362050557979266
9640	0.04693578295863927
9835	0.02422015174359981
9928	0.08040420280447227
9955	0.024841317112558495
10059	0.07244080069059484
10109	0.03209749532221183
10156	0.033954554135658226
10157	0.09286748623979814
10213	0.031270609005521366
10258	0.21732240207178452
10285	0.021489203846312727
10393	0.027268996731527148
10445	0.05008470456987711
10535	0.04785409257406388
10591	0.03617077820130258
10612	0.04785409257406388
10620	0.023467891479319634
10670	0.08040420280447227
10943	0.026827066834604507
10972	0.01849044709909741
10998	0.03667214579315441
11064	0.018648915276862053
11105	0.02589081286225493
11179	0.02977645973181094
11238	0.02181305761793351
11292	0.021800525213699296
11445	0.04929206197671555
11458	0.012280571859670292
11466	0.038612845750440106
11728	0.08113772096735766
11765	0.07244080069059484
11771	0.04095194543377367
11784	0.056513996462839985
11821	0.027728608449159385
11878	0.03175956623269303
11890	0.015383765724970641
11891	0.1182404353999804
11967	0.024317993074930534
12007	0.08876251992270469
12041	0.04878845441246964
12082	0.03064944363656268
12170	0.06191375570537486
12181	0.037739861845688366
12218	0.022021740689334175
12255	0.09240484463285444
12256	0.024570980857759692
