287
29	0.026611315842694473
80	0.023420062036016032
201	0.024133821689775584
237	0.07991612731461793
289	0.030986965968879458
330	0.022750595883006822
337	0.0680454606312972
443	0.04433371378349395
450	0.0680454606312972
464	0.049648362938425526
608	0.0680454606312972
626	0.041229140611962284
660	0.05503431603928839
722	0.031522200339026515
726	0.02029392705699905
727	0.039958063657308966
873	0.19015672396024358
896	0.07552568392901383
938	0.021029248518243924
940	0.021380800159611822
1035	0.03330837936929866
1151	0.07552568392901383
1213	0.03267955989732249
1239	0.07552568392901383
1241	0.04630126987411294
1317	0.07552568392901383
1326	0.02333407209055917
1405	0.06366981050511221
1422	0.15105136785802767
1515	0.01656175374359323
1566	0.05187323218124457
1575	0.03330837936929866
1576	0.04495054915534198
1587	0.07552568392901383
1601	0.07552568392901383
1603	0.04319669670258129
1625	0.08433627928141776
1637	0.19100943151533661
1645	0.04433371378349395
1664	0.027838965450790308
1678	0.04363672135679326
1716	0.025936616090622287
1798	0.029832556972749873
1838	0.039958063657308966
1951	0.015558167802133017
1982	0.05067692000029792
2021	0.0860288242840799
2059	0.015311019266323228
2084	0.14705533415855299
2108	0.025404898644428908
2246	0.01683966646793559
2274	0.04319669670258129
2341	0.0680454606312972
2361	0.030986965968879458
2430	0.06825178764902047
2548	0.026971382600921752
2632	0.02604617724542763
2640	0.03047702790657957
2671	0.051813937081210584
2766	0.07552568392901383
2771	0.10905208447215811
2777	0.06366981050511221
2789	0.031340823278679666
2812	0.04045899783805502
2852	0.020423948883524643
2924	0.03571647340486464
2925	0.025614452433723723
3068	0.03518994551446079
3098	0.01782140488346153
3179	0.03047702790657957
3185	0.032885121942145545
3235	0.11987419097192689
3250	0.045604790738147265
3274	0.046328241689994686
3389	0.04319669670258129
3409	0.10362787416242117
3585	0.04319669670258129
3614	0.0416884303966515
3649	0.03420820709893486
3668	0.03747032585762534
3676	0.04267016881217743
3687	0.07552568392901383
3740	0.15901495944054725
3786	0.02489815385957689
3868	0.018402026526506722
3898	0.049648362938425526
3919	0.03518994551446079
3946	0.029373267188060662
4014	0.025098005516548377
4147	0.056472500214296006
4151	0.04267016881217743
4333	0.027709722216744153
4387	0.05009944653657142
4404	0.07552568392901383
4409	0.058157143298014566
4434	0.05618958720739557
4547	0.028236250107148003
4633	0.023594125181439527
4650	0.15105136785802767
4690	0.02733102788549427
4713	0.058157143298014566
4797	0.03918690130939589
4809	0.013514491811678412
4852	0.017924675346712264
4921	0.013275803511714717
4922	0.05618958720739557
4945	0.03170667801167925
4982	0.014450356912406363
5001	0.060565237333580546
5014	0.04704581893836241
5049	0.05815517239470229
5070	0.0680454606312972
5093	0.026268694016529003
5120	0.039565595640645775
5330	0.04630126987411294
5341	0.049648362938425526
5591	0.025509166905383313
5604	0.022589523026309698
5683	0.024741162580121965
5787	0.010062180167221896
5791	0.06366981050511221
5827	0.04821036655351979
5984	0.04863977953130447
6042	0.013936370198377747
6104	0.0680454606312972
6108	0.025199336599605854
6121	0.0530850140358639
6145	0.03711174387018295
6163	0.02089177301508518
6235	0.03312350748718646
6242	0.017270433763906985
6254	0.05618958720739557
6264	0.02145250594539704
6265	0.04566408583818125
6281	0.04036534523986219
6329	0.015599915169694256
6381	0.04216813964070888
6395	0.014911281676426993
6421	0.01782140488346153
6546	0.04433371378349395
6599	0.025936616090622287
6639	0.09040728987170939
6701	0.03444539645021132
6703	0.060565237333580546
6711	0.037157501605079794
6714	0.045501191766013645
6759	0.014640022269839374
6838	0.0680454606312972
6849	0.03227982230742626
6904	0.024799599009709617
6933	0.030138808748520755
6962	0.02227441506175555
6981	0.030644344142713983
7166	0.024997617061875678
7171	0.21891566408316268
7229	0.15105136785802767
7233	0.03116244432393796
7237	0.03148001800011318
7344	0.030149982240524523
7368	0.04319669670258129
7454	0.017092592151459057
7461	0.04704581893836241
7476	0.0313677950945614
7547	0.022832042919090623
7624	0.03957792194816104
7635	0.06366981050511221
7710	0.03747032585762534
7724	0.038821046576396304
7790	0.03374891731424564
7896	0.06366981050511221
7919	0.03533166111926042
7939	0.051813937081210584
7953	0.031340823278679666
8019	0.0530850140358639
8121	0.03791684392874837
8135	0.06366981050511221
8173	0.03995113059175848
8191	0.053222631685388946
8225	0.03598969511367721
8250	0.043750237575941604
8279	0.046328241689994686
8361	0.04630126987411294
8430	0.07552568392901383
8530	0.04704581893836241
8532	0.047845568537578834
8533	0.07552568392901383
8602	0.02333407209055917
8628	0.03420820709893486
8683	0.0634133560233585
8836	0.057865458486227365
8842	0.021238802307538742
8859	0.012976477298522863
8867	0.039958063657308966
8938	0.025936616090622287
8942	0.058157143298014566
8956	0.01978896097408052
8977	0.0680454606312972
8987	0.026495895693741
9087	0.03189436415203998
9109	0.03116244432393796
9125	0.0680454606312972
9177	0.05067692000029792
9193	0.060565237333580546
9204	0.04319669670258129
9278	0.005221686299888383
9290	0.04216813964070888
9296	0.07552568392901383
9310	0.048294877241645065
9313	0.032227803767445766
9410	0.029677278307363143
9434	0.04870936390967893
9474	0.03655780949506779
9501	0.07552568392901383
9505	0.10331262428632805
9519	0.04319669670258129
9546	0.05256697455189625
9549	0.037157501605079794
9554	0.022750595883006822
9625	0.019015672396024356
9627	0.07274903846584446
9727	0.04216813964070888
9744	0.018732409911928465
9769	0.07552568392901383
9782	0.028648721245490748
9835	0.022750595883006822
9972	0.017924675346712264
10075	0.02422645471396261
10081	0.026495895693741
10132	0.022832042919090623
10141	0.06366981050511221
10168	0.06366981050511221
10196	0.054526042236079056
10242	0.029677278307363143
10285	0.006728449347063605
10373	0.07552568392901383
10393	0.025614452433723723
10425	0.039332653830249795
10433	0.09260253974822588
10519	0.049648362938425526
10613	0.02572077527460939
10673	0.07552568392901383
10692	0.009717211217897195
10696	0.07552568392901383
10717	0.021893043890344018
10734	0.04630126987411294
10858	0.039565595640645775
10866	0.01802894360766667
10923	0.02029392705699905
10924	0.016981353593671387
10933	0.18169571200074167
10948	0.02530162818117817
10972	0.01736854063099927
10991	0.24226094933432218
10998	0.008611766535724045
11097	0.03420820709893486
11105	0.04863977953130447
11112	0.06795223798291529
11119	0.10124675194273691
11198	0.060565237333580546
11217	0.030312266216807267
11223	0.058157143298014566
11262	0.019365703546927415
11272	0.030644344142713983
11299	0.0384671892665961
11335	0.04870936390967893
11337	0.05618958720739557
11458	0.011535449098307712
11573	0.07143294680972928
11640	0.08534033762435486
11715	0.03544999860534114
11743	0.0416884303966515
11788	0.021098648635596833
11789	0.11237917441479114
11831	0.039565595640645775
11869	0.12968308045311144
11891	0.018511034332712728
11899	0.07552568392901383
11967	0.01142125034950905
11968	0.03047702790657957
12041	0.02291410933021729
12095	0.20413638189389158
12127	0.08018395140365464
12138	0.016201997728504676
12145	0.032885121942145545
12217	0.047845568537578834
12218	0.013790382167906979
12243	0.027455788593595883
