297
44	0.057589592635384344
50	0.03321956260229332
103	0.021479671940317996
104	0.02508553168414659
110	0.02277416988248222
112	0.055299811225429374
169	0.03209079144374209
215	0.06375841439128271
230	0.059596003433932655
262	0.04753890670054594
326	0.026106851887324093
366	0.022026039060538204
367	0.011616413569153656
395	0.03448802380907079
423	0.07598974956042286
478	0.0356241270868052
488	0.042155543826945995
510	0.0329836562937995
511	0.17345668482178353
557	0.021632831089199295
660	0.039247809236838405
832	0.05673369341789026
901	0.05047688192041511
977	0.08548414663464589
1010	0.04554833976496444
1158	0.022948097308595358
1186	0.014793775857640539
1267	0.057589592635384344
1445	0.39459709120528597
1500	0.03625146049047666
1503	0.012982490358275534
1515	0.015748054385849114
1522	0.14043432231135738
1533	0.06245223504611491
1574	0.0280736418340707
1602	0.01835801529506739
1612	0.019174699598683086
1643	0.03252751575567969
1655	0.04473439991551285
1706	0.03069387488384452
1777	0.036577248884373054
1794	0.01760156441902473
1938	0.01432902597890684
2059	0.014558770033766292
2065	0.022106521610177052
2118	0.03691372074875635
2140	0.03230683042274665
2201	0.042155543826945995
2206	0.02178831091937635
2229	0.04107438979549092
2267	0.0224349167543671
2353	0.010030448690040869
2414	0.06692204030761811
2439	0.04473439991551285
2444	0.09041256552861243
2522	0.02312502363075549
2538	0.02575499550360366
2548	0.01709749690508752
2640	0.23183723193687614
2659	0.018875510111489024
2686	0.022603141382153108
2687	0.020062046044479625
2730	0.027511228623832155
2739	0.05424422697842457
2781	0.03252751575567969
2798	0.06054163430361901
2812	0.019235598723870602
2870	0.035042833111976764
2880	0.025964980716551067
3032	0.05047688192041511
3064	0.02530386912266926
3185	0.031269435402064484
3214	0.057589592635384344
3274	0.04405207812107641
3319	0.02737531309410156
3349	0.02684896836555246
3391	0.02348829953077747
3427	0.0141043132223671
3580	0.07868061143228854
3598	0.05047688192041511
3639	0.042155543826945995
3661	0.016329469760757265
3699	0.0718150140653228
3702	0.018191158407700032
3868	0.017497912300584173
3872	0.0280736418340707
3994	0.0329836562937995
4029	0.01124530458009817
4030	0.1436300281306456
4041	0.10751372908941724
4146	0.01665674263530374
4222	0.027788582601597226
4279	0.04336417120544588
4316	0.022948097308595358
4358	0.02836684670894513
4387	0.01587933300972776
4388	0.04160073452404002
4411	0.08019273401753745
4417	0.46116779595303903
4423	0.021555965767425564
4430	0.05421753271065985
4560	0.03593569796203416
4610	0.05184711063048208
4768	0.027788582601597226
4802	0.019545636581327373
4804	0.038382146117033715
4809	0.02570101637089664
4857	0.047209077723737954
4911	0.021403941172415255
4952	0.03331348527060748
4986	0.013528079180306145
5162	0.0212541359939759
5174	0.06054163430361901
5200	0.03230683042274665
5205	0.013528079180306145
5222	0.03691372074875635
5227	0.024871743274835403
5337	0.04402643146372558
5415	0.021328765213654108
5454	0.03230683042274665
5455	0.05557716520319445
5456	0.0786892921432328
5580	0.031468693555619154
5624	0.03321956260229332
5670	0.033708296516070886
5683	0.023525598793039587
5716	0.06470230335035357
5787	0.01913562572742896
5827	0.015280577290720158
6048	0.029973475815787576
6052	0.017706274230405723
6102	0.023036179158223587
6130	0.03799487478021143
6145	0.047051197586079174
6264	0.020398517908862924
6273	0.028979653992109517
6278	0.03167189767056672
6329	0.014833472125620297
6422	0.025870945578830264
6455	0.05047688192041511
6491	0.026226870477429512
6546	0.08431108765389199
6554	0.02724117428889723
6599	0.049324636400660746
6620	0.019053975000632432
6648	0.01660934544953233
6680	0.026721495018507634
6705	0.12646663148083798
6714	0.04326566217839859
6738	0.04009636700876872
6785	0.03448802380907079
6826	0.0718150140653228
6846	0.0718150140653228
6856	0.06054163430361901
6857	0.06470230335035357
6880	0.03799487478021143
7014	0.020330335116641268
7061	0.031269435402064484
7142	0.04926825454191521
7154	0.012245781363691739
7171	0.04803693874735879
7193	0.03691372074875635
7323	0.04473439991551285
7393	0.020746397748268617
7585	0.045494856832002946
7628	0.06054163430361901
7672	0.09637420102092029
7718	0.034221477070299156
7740	0.09322191862097916
7806	0.033708296516070886
7911	0.03321956260229332
7913	0.06054163430361901
7914	0.07598974956042286
7919	0.008398943274104412
7932	0.07524337840108725
7945	0.05047688192041511
8059	0.02178831091937635
8064	0.07557865407146633
8134	0.10077647883110968
8136	0.0802851264244915
8143	0.029138749775507435
8173	0.018994141172354862
8177	0.045494856832002946
8191	0.02530386912266926
8291	0.0281148582561498
8293	0.03284383216800618
8328	0.03396167908052169
8362	0.03593569796203416
8451	0.022187640392105266
8521	0.057589592635384344
8524	0.016752198881566822
8528	0.02737531309410156
8554	0.07306794852194978
8607	0.057589592635384344
8641	0.030882164065242197
8677	0.04926825454191521
8689	0.03625146049047666
8741	0.026348309438839833
8859	0.012338926987905922
8911	0.010308143858225944
8919	0.022688299318817898
8939	0.04818710051046014
8949	0.04631621287368056
8955	0.06334379534113344
8956	0.05645011485208564
8980	0.037261600588162046
8981	0.057589592635384344
8994	0.06470230335035357
8997	0.015791627582853216
9085	0.029138749775507435
9130	0.027511228623832155
9131	0.04336417120544588
9205	0.06470230335035357
9243	0.029906981431451457
9278	0.014895415263911164
9295	0.04926825454191521
9309	0.006293517487605825
9310	0.06262103242650079
9313	0.015322206039397872
9405	0.01797282096917736
9419	0.03920350215871132
9467	0.04402643146372558
9534	0.03775102022297805
9539	0.01929686142807832
9583	0.029973475815787576
9598	0.03050897848557439
9740	0.04057373086877829
9744	0.053436190630207804
9772	0.024871743274835403
9940	0.05047688192041511
9972	0.01704401397212603
10050	0.024871743274835403
10132	0.02171027653209571
10232	0.029300351107074497
10265	0.021946182840589527
10266	0.04160073452404002
10285	0.0511829787547606
10391	0.028668676482394795
10419	0.05184711063048208
10448	0.03920350215871132
10455	0.024978080728772868
10586	0.01432902597890684
10654	0.047209077723737954
10692	0.01847958532742046
10694	0.042155543826945995
10703	0.04402643146372558
10762	0.028668676482394795
10816	0.02376945335027297
10865	0.02415672468709526
10866	0.017143159405010096
10877	0.07429948944201636
10924	0.032294077557085
10956	0.055299811225429374
10972	0.0495456085196803
10987	0.04009636700876872
10998	0.008188659840162189
11041	0.0141043132223671
11073	0.033708296516070886
11093	0.03593569796203416
11105	0.02312502363075549
11197	0.02647120279363019
11224	0.057589592635384344
11238	0.019482875086132428
11262	0.03682848536438599
11292	0.01947168145750407
11368	0.04926825454191521
11416	0.06470230335035357
11458	0.03290609483351688
11460	0.028979653992109517
11469	0.04473439991551285
11501	0.042742073317322944
11586	0.05082961008142093
11724	0.05105390679432444
11772	0.04792252431738099
11778	0.029631395056771186
11788	0.020062046044479625
11793	0.042742073317322944
11817	0.03533190779058865
11835	0.01835801529506739
11836	0.028979653992109517
11852	0.026978045192946783
11862	0.013149891664163103
11890	0.01374039308123016
11956	0.03209079144374209
11965	0.01870009605408379
11967	0.010860110254208131
11991	0.06680821663692753
12020	0.019235598723870602
12058	0.020195313793915363
12062	0.03321956260229332
12071	0.04336417120544588
12073	0.04402643146372558
12109	0.01893465420879838
12129	0.012591529834832258
12138	0.015405973626832726
12157	0.02455918695559748
12243	0.052213703774648186
