281
25	0.030371801822316167
55	0.3040658509964487
59	0.09266136506646173
70	0.05648223203712994
77	0.01738151987291356
85	0.036508888322452505
105	0.02148170982848949
119	0.06425894773167971
177	0.03580969601513485
195	0.03955219275141643
262	0.05974278968172303
319	0.0234001094255994
326	0.0437451137691221
357	0.06016726900235718
367	0.009732336464101456
454	0.02197310954600853
507	0.04965090212679484
510	0.027634005879400028
562	0.017932415707110235
578	0.07934010487554156
660	0.04384289324157387
663	0.019601604969745588
697	0.025056339823283896
726	0.016167085219649463
899	0.022711969897263765
938	0.01675287646125556
1001	0.04824908213034077
1084	0.04037158909722267
1102	0.01983502621888539
1186	0.06197179678734041
1331	0.20386554752232808
1332	0.4345318728978143
1333	0.15216698810397175
1362	0.04343797871377839
1503	0.010876847966587687
1515	0.013193862548509346
1522	0.016808163819308383
1529	0.033993039079411806
1566	0.04132462696536651
1602	0.01538051142903083
1762	0.028453402225206263
1874	0.028894378604348663
1897	0.025873356663249213
2021	0.022844852873810714
2059	0.01219746935046619
2108	0.020238722659613947
2154	0.04037158909722267
2227	0.04037158909722267
2258	0.030855238486103134
2298	0.029850602579126643
2353	0.03361440291575148
2399	0.02197310954600853
2545	0.04633068253323087
2548	0.014324437709079298
2603	0.060743603644632334
2627	0.0260340558195925
2647	0.08065786687187333
2686	0.01893711650047568
2765	0.029850602579126643
2812	0.016115758771387198
2852	0.016270666647923534
2887	0.01999423733462811
2925	0.02040566294476006
3028	0.04343797871377839
3036	0.028894378604348663
3077	0.021199810654068105
3079	0.0556633006411385
3146	0.04228998869433257
3171	0.03321094064264141
3185	0.026197816095622148
3258	0.030949973211133068
3274	0.018453614950299766
3275	0.028453402225206263
3284	0.03151979184176199
3384	0.0766118239380702
3412	0.04476323593198239
3427	0.011816721319190487
3463	0.041277389733624
3580	0.02197310954600853
3589	0.018254444161226253
3600	0.04824908213034077
3624	0.023520351309406478
3651	0.01915295598451755
3652	0.04228998869433257
3661	0.027361955227570095
3677	0.04476323593198239
3683	0.17904848007567423
3740	0.014075411675039888
3746	0.015474986605566534
3857	0.022822902462837642
3882	0.06016726900235718
3985	0.04228998869433257
4029	0.03768567197209054
4041	0.030025325222780046
4078	0.02688595562395778
4121	0.019080405726556057
4122	0.03359309931540823
4134	0.023642298808643877
4139	0.03151979184176199
4146	0.027910339582465613
4267	0.02148170982848949
4275	0.020156452610285494
4323	0.06016726900235718
4391	0.029123649646046867
4428	0.029270176714126264
4529	0.10477438126358965
4532	0.03580969601513485
4578	0.026535002628096355
4652	0.32524905339809385
4677	0.01738151987291356
4726	0.06016726900235718
4771	0.02197310954600853
4797	0.031218106342039868
4840	0.04824908213034077
4849	0.025715606282290117
4850	0.04824908213034077
4913	0.03359309931540823
4921	0.010576121917181656
4972	0.030926649462856077
5121	0.05420817556634898
5127	0.01872656341641829
5150	0.05420817556634898
5205	0.011333947221486335
5216	0.028033945643403602
5229	0.02389150914311844
5232	0.022602450523860132
5273	0.02688595562395778
5296	0.05072232936799059
5309	0.030926649462856077
5317	0.01872656341641829
5323	0.03880414249597419
5348	0.019756512846281913
5361	0.023520351309406478
5383	0.019008462590839676
5407	0.023509742039403047
5422	0.0643138190632607
5443	0.04778301828623688
5454	0.027066955036600632
5455	0.023281526103492902
5498	0.025715606282290117
5510	0.028033945643403602
5577	0.033993039079411806
5653	0.041277389733624
5683	0.009854979835656875
5781	0.12257900115373879
5782	0.04476323593198239
5787	0.008016000244902758
5830	0.01675287646125556
5923	0.027251847206633206
5955	0.06016726900235718
5996	0.016535215353189858
6019	0.018124181751778077
6042	0.011102360031990464
6058	0.01872656341641829
6108	0.0200749623835843
6169	0.08829940882958161
6233	0.09032175935114953
6265	0.01818906624503344
6394	0.014703220046675054
6421	0.014197359174277292
6431	0.06366490019851484
6531	0.05420817556634898
6568	0.02867106333327197
6714	0.036248363503556154
6735	0.05072232936799059
6975	0.037478885277770185
6996	0.029123649646046867
7033	0.06016726900235718
7064	0.10144465873598119
7079	0.12556024710262875
7251	0.02525901290603167
7331	0.12033453800471436
7349	0.04542393979452753
7434	0.082554779467248
7453	0.018937051614086726
7454	0.0068083765444018835
7518	0.011879019813163805
7520	0.01621871993671605
7583	0.04633068253323087
7596	0.027251847206633206
7616	0.06016726900235718
7740	0.0260340558195925
7790	0.02688595562395778
7802	0.014967768751941378
7805	0.030644750288434698
7825	0.04037158909722267
7827	0.041277389733624
7828	0.01768320537263568
7909	0.04343797871377839
7911	0.02783165032056925
7919	0.007036710719696038
8064	0.01266409613515564
8131	0.07057934473788048
8134	0.02110786160059243
8173	0.031826926897105694
8205	0.026535002628096355
8279	0.018453614950299766
8331	0.017561257873398274
8341	0.027440803264497694
8364	0.030644750288434698
8405	0.02482545106339742
8545	0.027440803264497694
8694	0.020575909192088147
8721	0.03500185343339562
8778	0.025112049420525754
8804	0.03372761805365888
8839	0.02824111601856497
8842	0.03383963349280334
8859	0.010337664748021844
8888	0.06016726900235718
8911	0.017272512510231687
8917	0.04476323593198239
8926	0.022822902462837642
8969	0.037478885277770185
9109	0.02482545106339742
9130	0.023049156429737972
9153	0.025112049420525754
9173	0.02525901290603167
9203	0.02441270838630797
9237	0.014746750036120311
9278	0.00998361101783383
9306	0.05420817556634898
9310	0.04197157435389183
9358	0.04037158909722267
9505	0.020575909192088147
9554	0.018124181751778077
9595	0.017622015402234043
9596	0.021016885571230555
9598	0.02556069840575378
9625	0.030297536329168453
9640	0.017561257873398274
9972	0.014279629223605745
10034	0.029850602579126643
10097	0.026535002628096355
10137	0.01967871001168028
10149	0.025715606282290117
10185	0.03151979184176199
10285	0.010720390753799998
10336	0.06016726900235718
10474	0.028894378604348663
10537	0.035318296297615806
10586	0.024009975402370674
10620	0.03512251574679655
10676	0.030644750288434698
10692	0.015482363902840263
10762	0.02401887672525996
10782	0.04228998869433257
10789	0.032845049059965985
10812	0.0234001094255994
10849	0.018589006009037016
10864	0.06718619863081646
10865	0.06071616797884185
10866	0.04308808249483822
10948	0.020156452610285494
10950	0.027251847206633206
10962	0.032845049059965985
10972	0.013836586469126312
10975	0.04542393979452753
10998	0.006860533354817537
11082	0.037478885277770185
11099	0.07760828499194838
11155	0.023520351309406478
11177	0.01915295598451755
11179	0.17825618066045412
11292	0.016313551023135787
11396	0.05072232936799059
11458	0.01837934945715205
11460	0.024279416498512247
11654	0.032845049059965985
11660	0.04824908213034077
11793	0.03580969601513485
11848	0.05420817556634898
11882	0.023281526103492902
11891	0.014746750036120311
11952	0.023049156429737972
11992	0.03787423300095136
12127	0.021292753770625002
12138	0.012907264191381013
12218	0.027465147959521527
12223	0.16964179901280912
12224	0.22064052823443195
