345
14	0.0511330161621245
29	0.05967429390884983
49	0.07138788265229457
55	0.0611357042492019
85	0.025691764039663004
104	0.029579693589989936
105	0.0604677978915779
110	0.02685424312995257
119	0.1130495749403615
159	0.03106870245479655
184	0.05364542166995688
188	0.034171461710427384
189	0.03759048014656237
203	0.03121361258963902
236	0.04437556866028581
262	0.056055670316684646
367	0.013697535229333771
454	0.030925507273062616
462	0.06790697225698297
507	0.10481989348989781
509	0.033103134263314495
532	0.02145016890699568
562	0.0252385330903044
579	0.021846920898359712
620	0.047842658549655026
624	0.037839970462577616
627	0.03227969745466096
628	0.02685424312995257
660	0.07713198893034558
697	0.01763246157351574
703	0.049707858905318446
714	0.0611357042492019
741	0.06520696839231195
770	0.09941571781063689
796	0.1304139367846239
864	0.04166174428967241
873	0.042641514990934916
924	0.0762939503044122
938	0.02357841987555152
960	0.03198609912843582
1048	0.0353433302359815
1050	0.05364542166995688
1053	0.12257641076532472
1102	0.05583262999796539
1113	0.03945568050222578
1131	0.059519994209553735
1154	0.034549612850108144
1158	0.05411866054172621
1164	0.021320757495467458
1186	0.06977653293026222
1190	0.03576060784997255
1302	0.0762939503044122
1331	0.0409893573352051
1332	0.07194954021382838
1389	0.08468092835184145
1424	0.08474741122040193
1515	0.018569374141123023
1521	0.03759048014656237
1554	0.02334793954245212
1602	0.021646918797085715
1678	0.02446318843134857
1724	0.049707858905318446
1761	0.059519994209553735
1794	0.02075494706569275
1875	0.01952933695155346
1886	0.10351167710027631
1897	0.07282962641154313
1951	0.03488826646513111
1959	0.03889279521488937
1974	0.04166174428967241
2021	0.1607621038391933
2031	0.04674191353020522
2056	0.0472797732623186
2059	0.017167025282469505
2145	0.04622694851000685
2181	0.03362551113773364
2274	0.04843301229745348
2414	0.03945568050222578
2430	0.12754214723439947
2435	0.03121361258963902
2469	0.0511330161621245
2546	0.07138788265229457
2561	0.02357841987555152
2626	0.022899745650671467
2627	0.036640985241999
2628	0.0511330161621245
2632	0.02920350209913312
2638	0.019924238954130594
2687	0.04731246538888461
2711	0.055666751309747846
2745	0.03050581716746013
2763	0.043693841796719424
2812	0.06804517322210195
2825	0.028484487527669168
2847	0.06790697225698297
2920	0.033448867830658334
3033	0.05364542166995688
3042	0.06760954295544865
3054	0.04843301229745348
3099	0.04166174428967241
3130	0.04622694851000685
3211	0.16384177967230829
3258	0.02177988553777215
3259	0.021320757495467458
3274	0.025972082019836792
3321	0.0215153973756756
3328	0.043130192653971805
3337	0.03260237928777585
3376	0.0546139265574361
3381	0.043130192653971805
3384	0.10782540875420904
3391	0.02769631163565821
3398	0.0611357042492019
3427	0.01663115092268596
3453	0.052748726201772664
3570	0.055666751309747846
3589	0.025691764039663004
3603	0.03759048014656237
3642	0.02138529019049851
3651	0.05391270437710452
3661	0.11552971284610153
3683	0.10079893446518423
3746	0.02177988553777215
3781	0.052748726201772664
3784	0.05496047422905311
3802	0.03474321460654257
3813	0.05364542166995688
3981	0.07778559042977874
3985	0.059519994209553735
4006	0.019640857110913085
4029	0.03977982224896946
4041	0.04225839823029635
4134	0.03327476624224317
4146	0.1178451426654785
4150	0.05681999034488271
4222	0.032767005659076386
4245	0.0511330161621245
4267	0.03023389894578895
4327	0.13819845140043258
4408	0.04042883433760507
4524	0.028484487527669168
4529	0.12639608620631487
4547	0.03165905620259501
4561	0.045258443622527636
4567	0.03974725730114908
4574	0.029707735542896695
4686	0.02908065991065408
4746	0.06300090460486533
4753	0.04042883433760507
4809	0.030305444539685894
4852	0.02009750948023993
4862	0.04274603811469527
4911	0.0504770661806088
4913	0.0472797732623186
4921	0.014885100107736532
4969	0.03050581716746013
4973	0.05191392269276506
4974	0.05191392269276506
4976	0.033448867830658334
5020	0.09589619376894226
5046	0.0409893573352051
5127	0.026356236559113327
5205	0.03190336501956357
5217	0.04352694464533583
5292	0.02334793954245212
5302	0.049707858905318446
5317	0.026356236559113327
5348	0.027805813302789105
5370	0.01952933695155346
5407	0.0827205062743902
5422	0.045258443622527636
5437	0.055666751309747846
5443	0.03362551113773364
5444	0.06790697225698297
5450	0.07138788265229457
5452	0.04201248918516288
5454	0.03809471359032593
5455	0.06553401131815277
5494	0.059519994209553735
5506	0.06300090460486533
5563	0.05681999034488271
5577	0.047842658549655026
5610	0.027059330270863106
5712	0.0546139265574361
5734	0.0611357042492019
5737	0.03945568050222578
5748	0.0472797732623186
5787	0.06769152268290858
5830	0.04715683975110304
5927	0.1209355957831558
5964	0.047842658549655026
6042	0.01562574087197642
6063	0.017920566890092145
6163	0.023424279553643797
6233	0.042373705610200964
6287	0.036640985241999
6468	0.0353433302359815
6486	0.08070475194081998
6542	0.042373705610200964
6612	0.029967957435346748
6639	0.02027329734161958
6715	0.045733008432782454
6753	0.0250618897832291
6756	0.08133335100418039
6759	0.08207344921674904
6798	0.02246756215042566
6849	0.03619279135021834
6850	0.03619279135021834
6892	0.04622694851000685
6920	0.05191392269276506
6962	0.02497452585396705
7030	0.07138788265229457
7032	0.0611357042492019
7079	0.0353433302359815
7099	0.03165905620259501
7128	0.03150874555365391
7154	0.014439656494780555
7171	0.11328585313947892
7183	0.02177988553777215
7233	0.0349399644966326
7237	0.007059206908441354
7344	0.06760954295544865
7430	0.038354935482775986
7454	0.028746841392764556
7495	0.058094836952747676
7547	0.025599749515342492
7555	0.05350597710095472
7571	0.03106870245479655
7624	0.022187784330142905
7740	0.073281970483998
7806	0.03974725730114908
7847	0.04843301229745348
7919	0.009903643728018803
8057	0.05875490565399678
8173	0.04479401775951498
8191	0.05967429390884983
8218	0.01451276760324223
8291	0.008287933688370634
8309	0.0448017912532008
8319	0.027059330270863106
8345	0.04274603811469527
8379	0.028601395216231774
8414	0.025784483662998143
8417	0.06520696839231195
8421	0.0546139265574361
8620	0.04035237597040999
8628	0.038354935482775986
8631	0.03974725730114908
8720	0.025784483662998143
8784	0.04132088085788921
8804	0.023734549159679062
8842	0.02381337583349835
8859	0.014549489487686388
8897	0.03862087699321819
8911	0.012154884363107058
8926	0.0642430544142166
8956	0.06656335299042872
8966	0.03576060784997255
8997	0.018620753630796433
9065	0.04843301229745348
9082	0.07618942718065186
9130	0.03243996273323557
9261	0.025877919275069078
9278	0.023418642264914285
9293	0.06790697225698297
9309	0.00742102345011376
9310	0.0689171581638421
9313	0.09033616777086481
9357	0.032767005659076386
9395	0.04393714839087806
9405	0.12715629325536418
9406	0.03023389894578895
9441	0.029707735542896695
9444	0.03165905620259501
9505	0.028959052337923973
9539	0.022753962542152544
9546	0.029469578917590895
9595	0.024801667890779044
9597	0.0472797732623186
9627	0.020391924288238522
9684	0.0448017912532008
9700	0.042373705610200964
9744	0.16802526283379546
9898	0.11363998068976543
9972	0.02009750948023993
10050	0.029327604229471706
10138	0.047842658549655026
10183	0.06474293816375253
10225	0.0611357042492019
10236	0.047842658549655026
10248	0.048430802480693244
10285	0.022632221547833148
10330	0.0252385330903044
10385	0.022118839120030903
10429	0.042373705610200964
10433	0.05191392269276506
10545	0.025877919275069078
10569	0.06790697225698297
10586	0.03379224353191055
10614	0.029967957435346748
10620	0.024716156215885257
10717	0.024546924763030734
10718	0.025972082019836792
10762	0.03380477147772432
10784	0.02685424312995257
10813	0.022538529225633378
10856	0.0546139265574361
10864	0.0472797732623186
10865	0.0854534625830075
10866	0.020214417168802536
10972	0.038947919919059
10975	0.031965397922980754
10987	0.0472797732623186
10998	0.009655687271628733
11014	0.04393714839087806
11041	0.01663115092268596
11056	0.03809471359032593
11153	0.06520696839231195
11164	0.08402497837032576
11175	0.050399467232592116
11292	0.1377606131965355
11458	0.051735117792152875
11586	0.029967957435346748
11591	0.015347571112249834
11598	0.07594660702045629
11617	0.04035237597040999
11888	0.058094836952747676
11891	0.02075494706569275
11918	0.03973405829428106
11927	0.02737362980254331
11967	0.01280573749513146
11968	0.06834292342085477
11992	0.053305148535308475
12020	0.022681724407367314
12038	0.049707858905318446
12062	0.03917096497461596
12108	0.028254007194569768
12129	0.04454204108963764
12138	0.018166008401774125
12143	0.0472797732623186
12157	0.028959052337923973
12223	0.11019606301828873
12224	0.051755838550138156
12271	0.06520696839231195
12292	0.04436174815434343
