243
74	0.0442805302751558
119	0.04725473076902732
189	0.03928205877247571
230	0.024478376507603202
236	0.16230367137706714
245	0.05817176551340957
335	0.04216824042412879
366	0.027140830560529267
367	0.014313926872411918
481	0.04350654304225302
579	0.11415018209144573
660	0.0644823542681322
665	0.03590522418620387
726	0.023777895105425693
774	0.04216824042412879
825	0.186595215189683
873	0.15596136894810905
941	0.045071059377156115
1099	0.04353653056225802
1102	0.02917255438678583
1113	0.04123119349243521
1142	0.04008091474156666
1158	0.02827700518587501
1164	0.06684058669204675
1186	0.01822912248539613
1190	0.037369841880844974
1196	0.0382898364199066
1342	0.03928205877247571
1353	0.028385541021557822
1358	0.06388682235636359
1369	0.10388944367613864
1466	0.03928205877247571
1561	0.04548566528221752
1602	0.06786310255533352
1617	0.1603020343126592
1618	0.03980898281536479
1678	0.02556403647880146
1686	0.03853068841103336
1722	0.025651540961045514
1801	0.0681412941461459
1960	0.049407371887734974
2019	0.10388944367613864
2021	0.050398928559380565
2148	0.05425005890789212
2153	0.035138665417866
2340	0.04830716982497389
2353	0.012359676090387807
2477	0.0658359570763231
2522	0.02849501657313569
2548	0.010533901833978114
2605	0.03782147371930401
2612	0.04830716982497389
2618	0.07096279868890226
2632	0.030517665146801102
2687	0.024720767583050543
2711	0.05817176551340957
2738	0.03261823098473025
2763	0.022830036418289148
2781	0.04008091474156666
2787	0.05194472183806932
2812	0.02370240624108601
2852	0.023930238481050234
2887	0.0294067156569415
2925	0.06002364761057366
2989	0.07972719231457687
3045	0.062198405063227664
3054	0.05061250689479671
3070	0.03853068841103336
3130	0.14492150947492166
3161	0.05194472183806932
3169	0.04830716982497389
3179	0.035709183868277004
3180	0.0526674526692152
3257	0.07972719231457687
3274	0.027140830560529267
3345	0.0658359570763231
3568	0.09661433964994778
3576	0.03590522418620387
3629	0.09459016407341593
3642	0.022347632242373305
3661	0.02012142858286432
3688	0.07261333150296302
3740	0.020701546248300114
3746	0.02275998445395755
3802	0.07261333150296302
3808	0.0355161366494812
3861	0.0418481132691221
3919	0.08246238698487042
3951	0.0442805302751558
3957	0.07856411754495142
3994	0.04064297826206038
3999	0.11634353102681914
4014	0.0294067156569415
4029	0.04156992167830975
4108	0.06070911546374391
4146	0.020524699348466336
4327	0.14441740751942414
4353	0.07460035070199769
4461	0.1362825882922918
4479	0.03064735189617867
4529	0.11006994473975044
4547	0.0330837196434475
4560	0.0442805302751558
4633	0.027644656063502786
4690	0.03202309303465325
4753	0.06337220914818723
4774	0.06388682235636359
4852	0.02100190115968416
4911	0.026374271792191397
4921	0.046664797176294896
4945	0.03714993464723242
4951	0.062198405063227664
4969	0.09563575390915731
4982	0.050793383153606014
5162	0.026189679503312874
5292	0.024398601181652827
5293	0.07220870375971207
5508	0.03759364147933978
5567	0.051261077119098754
5632	0.051261077119098754
5683	0.028988611566608084
5713	0.07972719231457687
5787	0.02357921794792112
5964	0.3499691098267687
5999	0.06584491163883252
6063	0.018726995746476478
6139	0.04008091474156666
6151	0.057071563450648496
6206	0.039026608726365736
6383	0.055495751595380706
6395	0.017471181925198434
6612	0.1252660844635682
6648	0.02046629579326823
6654	0.05425005890789212
6722	0.07972719231457687
6753	0.026189679503312874
6759	0.06861341580574562
6806	0.04216824042412879
7154	0.015089443733381053
7166	0.029289092974140937
7171	0.019730622947461085
7184	0.0355161366494812
7198	0.020880901698329644
7237	0.007376872537495875
7344	0.03532599250662977
7397	0.062198405063227664
7454	0.010013484874457705
7559	0.04008091474156666
7624	0.023186238768152446
7722	0.04548566528221752
7828	0.026007743310908823
7842	0.051261077119098754
7953	0.03672127165654293
7974	0.07972719231457687
8064	0.018625840429217874
8066	0.08232213167380428
8067	0.06070911546374391
8121	0.04442623328320452
8173	0.04680975692313691
8590	0.04635803510501439
8619	0.20245002757918684
8718	0.07096279868890226
8743	0.0269447902426024
8753	0.03261823098473025
8784	0.04318032821239472
8790	0.027747875797690353
8804	0.02480260830384709
8911	0.01270185642914385
9032	0.1362825882922918
9245	0.14192559737780452
9253	0.07460035070199769
9278	0.00978899421593128
9301	0.03782147371930401
9309	0.015509941782212001
9310	0.030865047064372864
9313	0.15104209950262548
9405	0.04429278339863717
9534	0.023258699408978643
9598	0.03759364147933978
9622	0.045071059377156115
9625	0.022280195564015583
9627	0.021309564689019143
9633	0.019404999444956345
9640	0.07748516358263788
9744	0.04389660775922168
9752	0.049995587118109815
9772	0.03064735189617867
9785	0.05343401143755307
9817	0.07972719231457687
9842	0.07972719231457687
9846	0.051261077119098754
9972	0.04200380231936832
10075	0.028385541021557822
10132	0.0267517430238066
10235	0.04093366571291765
10242	0.03477213693658342
10285	0.023650675743629078
10292	0.027851945086567676
10383	0.0355161366494812
10431	0.11211895132476514
10433	0.05425005890789212
10480	0.0418481132691221
10545	0.027042430474663877
10561	0.04830716982497389
10595	0.02964529532400425
10599	0.06070911546374391
10692	0.011385417342216092
10765	0.11414312690129699
10816	0.029289092974140937
10882	0.028942650831030235
10923	0.023777895105425693
10930	0.05817176551340957
11014	0.04591432827290702
11029	0.015713982881928597
11041	0.017379555819762735
11073	0.041535891301756556
11138	0.04681788022549014
11148	0.03782147371930401
11152	0.06388682235636359
11164	0.0878061180870812
11186	0.057071563450648496
11197	0.03261823098473025
11292	0.04798662217153121
11458	0.04054740581502294
11598	0.039682109258991544
11778	0.036512269423364954
11862	0.016203502616400346
11869	0.030389295036902023
11878	0.06990814625797495
11890	0.03386225543573734
11930	0.05817176551340957
11954	0.0418481132691221
11956	0.03954277619929929
11992	0.027851945086567676
11995	0.07460035070199769
12035	0.03424152703235935
12064	0.06388682235636359
12108	0.02952544279423201
12157	0.15131107550345563
12161	0.0526674526692152
12221	0.06388682235636359
12223	0.03838496881038744
12224	0.027042430474663877
