310
157	0.04272188589148974
159	0.024303573186127955
197	0.03086430854618082
246	0.047823563429072784
262	0.021924846845811523
490	0.026303643418835582
532	0.03355890067468796
605	0.1969895014423993
628	0.021006801433579532
697	0.01379303886047451
812	0.051525262017195525
840	0.028485582205864387
940	0.01875261821077028
950	0.05584335661159546
960	0.01251060455836108
1154	0.02702652438339458
1314	0.02702652438339458
1353	0.02124847772113057
1445	0.04549684348535545
1503	0.02394999233578479
1522	0.05551544839382475
1533	0.0192018956485449
1561	0.034049065495914896
1592	0.4785517062983514
1602	0.016933358449860846
1618	0.029799688644677653
1664	0.024416929515465483
1696	0.047823563429072784
1709	0.024303573186127955
1722	0.0192018956485449
1798	0.02616546373310231
1799	0.04655967005427597
1834	0.032864378778888446
1875	0.030553749102924393
1938	0.026434070267213707
2028	0.024080853725199063
2053	0.06518001534689018
2059	0.013428950112984004
2148	0.040609800855967756
2175	0.03086430854618082
2198	0.03504631756591725
2222	0.0223735156907315
2241	0.030423990068250202
2258	0.016985222362467602
2274	0.11366054897610342
2351	0.03259000767344509
2353	0.009252044970625768
2358	0.03132611429864827
2399	0.09676623353325443
2403	0.047823563429072784
2506	0.028842799707776513
2551	0.0383723478900438
2612	0.03616115053143686
2626	0.017913385509889128
2629	0.04196427042788225
2637	0.05584335661159546
2638	0.015585787668607846
2640	0.08019214401676365
2647	0.029600415171384
2671	0.04544483708875635
2680	0.036563983255941415
2739	0.08339108962285961
2789	0.027488330135862032
2852	0.035826771019778256
2880	0.011974996167892394
2882	0.03259000767344509
2925	0.02246585925604935
2971	0.02537624510034006
3001	0.033738705220235955
3030	0.047823563429072784
3041	0.03742504390623368
3275	0.03132611429864827
3295	0.04272188589148974
3312	0.0939783428959448
3321	0.01683047547637861
3327	0.03540353506782938
3348	0.07130126894930727
3415	0.029214029263126298
3419	0.03343819933417024
3425	0.040609800855967756
3427	0.01300976100328373
3441	0.056971164411728774
3523	0.029799688644677653
3610	0.051008320378806864
3624	0.025895012752116947
3628	0.03698472542830306
3642	0.01672869879286268
3661	0.015062236320794566
3664	0.02525087716993806
3740	0.015496493229277838
3896	0.03343819933417024
3973	0.03086430854618082
3992	0.059200830342768
4000	0.05312040541432884
4076	0.027973828367204686
4275	0.022191488150605985
4297	0.014769692140260847
4316	0.04233446276440807
4387	0.014647032017163417
4417	0.05317241181092793
4423	0.019883134925310936
4425	0.1507628884979649
4428	0.01074178398809161
4430	0.2750551709948931
4596	0.05584335661159546
4621	0.04354546078835593
4772	0.048833859030930966
4781	0.034369948441236295
4864	0.049282621251542605
4931	0.0399989346942231
4979	0.04544483708875635
4986	0.012478245072590932
4993	0.08252565613803985
4996	0.04354546078835593
4998	0.05561842616236687
5039	0.1306363823650678
5093	0.023039679811331138
5127	0.020617234500130224
5407	0.012941666174557748
5417	0.04272188589148974
5456	0.03629134110115927
5503	0.03577476462317916
5510	0.06172861709236164
5538	0.028141357348914188
5545	0.12182940256790327
5559	0.13334275505626197
5604	0.0396255236205791
5605	0.049282621251542605
5650	0.02702652438339458
5683	0.010849958198291463
5738	0.025632075278466813
5742	0.05312040541432884
5787	0.008825311570908143
5792	0.021330427500313713
5814	0.051008320378806864
5830	0.01844428018493741
5963	0.03086430854618082
5984	0.021330427500313713
5999	0.03285954956069531
6019	0.03990807036936403
6026	0.05584335661159546
6132	0.040609800855967756
6144	0.05312040541432884
6145	0.010849958198291463
6193	0.049282621251542605
6197	0.015276874551462196
6235	0.014525941149811388
6265	0.020025470545411102
6269	0.04196427042788225
6273	0.13365357336127273
6287	0.028662505868611705
6329	0.027364668404719916
6353	0.04126282806901992
6421	0.031261505581106235
6447	0.07485008781246737
6475	0.03540353506782938
6628	0.07933161085609142
6706	0.05584335661159546
6715	0.03577476462317916
6753	0.03920945674609889
6848	0.018566412722941284
6853	0.10577548114145521
6877	0.04126282806901992
6904	0.02175116967267536
6913	0.01576694421026321
6933	0.013217035133606853
6962	0.01953638771248478
7052	0.0596811407743817
7057	0.039425114138941314
7103	0.10624081082865768
7154	0.02259091759071952
7183	0.01703737202810073
7231	0.024647798043078147
7237	0.005522082938125328
7258	0.05312040541432884
7285	0.04856305914787458
7314	0.05584335661159546
7322	0.039425114138941314
7374	0.06362322505998186
7377	0.03232336636865063
7384	0.051008320378806864
7430	0.03000324789588855
7439	0.02158062198886133
7453	0.020848974004829476
7476	0.027511986508023292
7520	0.01785619415541262
7554	0.04196427042788225
7656	0.04196427042788225
7704	0.0502542961659883
7718	0.03156575090504314
7802	0.01647894445127827
7811	0.031092395254414592
7922	0.04588318915486095
7951	0.02158062198886133
8017	0.029405250723711012
8033	0.03470209270896706
8066	0.12324725320530873
8121	0.033256009721110945
8136	0.014810934647206576
8143	0.026877463974117378
8191	0.023340185697396848
8199	0.04196427042788225
8233	0.03470209270896706
8291	0.012966515305887442
8293	0.015147508432388997
8381	0.03000324789588855
8441	0.053740156529667384
8503	0.047823563429072784
8554	0.06739757776814805
8592	0.04655967005427597
8602	0.08186315609336686
8753	0.048833859030930966
8805	0.033738705220235955
8859	0.011381375939315872
8860	0.049282621251542605
8862	0.03156575090504314
8892	0.03132611429864827
8913	0.026029272313392218
8919	0.020927594775809168
8979	0.047823563429072784
8997	0.014566132889049949
9069	0.016045350762524696
9145	0.088801245514152
9148	0.047823563429072784
9155	0.04544483708875635
9203	0.026877463974117378
9243	0.01379303886047451
9278	0.017403329047343687
9295	0.04544483708875635
9303	0.03086430854618082
9310	0.06546290295579898
9441	0.02323895328462479
9491	0.040609800855967756
9520	0.0502542961659883
9521	0.05584335661159546
9539	0.017799346294625925
9551	0.023442512535835687
9554	0.019954035184682015
9583	0.05529482373983424
9584	0.08126691445625805
9595	0.019401169121838546
9602	0.026586205905463966
9625	0.03335643584914384
9627	0.031903271471749046
9640	0.01933427739206408
9734	0.04126282806901992
9808	0.05584335661159546
9814	0.05312040541432884
9829	0.03616115053143686
9830	0.11999680408266931
9845	0.0767446957800876
9850	0.05584335661159546
9890	0.049530757877190815
9912	0.04126282806901992
9918	0.027809213081183434
9972	0.015721328987670785
10075	0.04249695544226114
10100	0.028141357348914188
10106	0.06185170350039067
10183	0.03376355435156564
10186	0.03698472542830306
10202	0.028662505868611705
10232	0.13513262191697292
10248	0.01894256051190058
10285	0.05901371361878963
10288	0.022282064347723653
10292	0.020849045442277295
10316	0.040609800855967756
10517	0.05312040541432884
10558	0.03343819933417024
10614	0.023442512535835687
10619	0.05584335661159546
10621	0.03577476462317916
10718	0.020316728614064514
10825	0.09311934010855194
10849	0.10232894511670856
10877	0.02284451536365814
10923	0.03559869258925185
10943	0.06630531152567652
10998	0.022659559337229143
11041	0.039029283009851194
11048	0.03086430854618082
11086	0.02537624510034006
11148	0.028311905032728228
11160	0.051008320378806864
11238	0.05391277360292658
11262	0.016985222362467602
11272	0.026877463974117378
11277	0.04126282806901992
11292	0.017960599576906218
11618	0.04354546078835593
11619	0.05584335661159546
11664	0.019673566060965746
11724	0.02354595772252047
11730	0.01946853695333936
11836	0.026730714672254546
11852	0.024884438877848542
11956	0.059200830342768
11967	0.010017321414310358
11985	0.0182639863457726
12041	0.04019489829207733
12056	0.06747741044047191
12109	0.052395743497593426
12111	0.031092395254414592
12114	0.0388841017287035
12129	0.02322875155056886
12168	0.03616115053143686
12184	0.10932751189079981
12218	0.02419046713358077
12291	0.05584335661159546
