359
29	0.05483119236803313
51	0.05220854101279969
73	0.05114889761796721
85	0.023606648090124506
103	0.023272251734551733
119	0.10387459297210162
129	0.03573629776693273
150	0.031228401291194908
177	0.04630910065392182
178	0.07048418030490355
189	0.03453967718949785
192	0.04846769629073359
203	0.05736069869609104
215	0.03453967718949785
236	0.020387047606877085
335	0.037077420517457
355	0.03500298758904153
367	0.012585857995650755
394	0.053379922440493666
434	0.05114889761796721
446	0.0317456034137407
471	0.09220258103014184
507	0.032104274540280614
509	0.12166607789606002
532	0.019709296258499324
576	0.03736621183703362
579	0.12044308970863392
660	0.09922085548126115
664	0.030896500802887337
697	0.032402859895959785
844	0.04247521906519701
864	0.03828052191156396
873	0.01959038773800705
899	0.029371120591939758
960	0.029390141709814913
973	0.039629792585271634
1053	0.16894236156499773
1102	0.20520525508070736
1140	0.05114889761796721
1141	0.0778083152430038
1164	0.11754232642804228
1166	0.10675984488098733
1186	0.0961703167963135
1213	0.03366724227063474
1246	0.07010201531748655
1287	0.025448508758216824
1401	0.062395715391969316
1466	0.03453967718949785
1503	0.014065940327145705
1602	0.039780156278051086
1612	0.04154983718884065
1644	0.023522101365677665
1649	0.0778083152430038
1678	0.022477782357401156
1711	0.07010201531748655
1716	0.02672050481545708
1886	0.04755539033350226
1938	0.01552485068759922
2009	0.0330550964396991
2021	0.1181718594550713
2028	0.02828559164248896
2065	0.02395141496186798
2070	0.057630225406686955
2084	0.025249970612929384
2089	0.02965991191151638
2146	0.023190200877370094
2155	0.054689415466452077
2241	0.03573629776693273
2246	0.017348615847764908
2310	0.04202136663363006
2408	0.034315066708112824
2414	0.03625349988947852
2430	0.023438192735797888
2436	0.026066325510308897
2444	0.024489479992930618
2459	0.0578878189162315
2469	0.04698311554093484
2522	0.02505491577328215
2538	0.027904371186277945
2548	0.018524363552268726
2628	0.04698311554093484
2638	0.01830720914015839
2652	0.029229490132849575
2660	0.03573629776693273
2663	0.03476891913967977
2687	0.021736318280584765
2750	0.08153711237359197
2763	0.02007384828477232
2775	0.062395715391969316
2789	0.06457608937205478
2792	0.03828052191156396
2812	0.020840900038444042
2816	0.05709439992792257
2822	0.04770064453706186
2889	0.04395979981499576
2923	0.029807170232375002
2924	0.03679594116176521
2925	0.02638860432714952
2955	0.11234799243250165
2987	0.05220854101279969
3012	0.03893470121671214
3022	0.0578878189162315
3042	0.09318363769919441
3108	0.053379922440493666
3142	0.025152015435778552
3259	0.01959038773800705
3274	0.02386421576438312
3275	0.03679594116176521
3321	0.019769230854785023
3384	0.04953720724868977
3434	0.03524209015245178
3504	0.027904371186277945
3589	0.023606648090124506
3642	0.01964968302888523
3746	0.040024506883967415
3784	0.10099988245171754
3808	0.031228401291194908
3849	0.03453967718949785
3859	0.027415596184016566
3884	0.03010767070594194
3907	0.0778083152430038
3913	0.05617399621625083
3957	0.0690793543789957
3981	0.03573629776693273
4014	0.02585654870782371
4029	0.03655133464052493
4057	0.0778083152430038
4078	0.03476891913967977
4094	0.053379922440493666
4124	0.04202136663363006
4327	0.09523681024122209
4387	0.01720453814220081
4423	0.023354912640880892
4529	0.019356319288645292
4547	0.029089641236247975
4661	0.03736621183703362
4686	0.02672050481545708
4743	0.03453967718949785
4753	0.018573836802883534
4784	0.031398142614025196
4827	0.07010201531748655
4911	0.023190200877370094
4921	0.01367704138521349
4923	0.07010201531748655
4952	0.01804682626268688
4976	0.030734193676713952
4982	0.014887093602107743
5015	0.029514578591214233
5020	0.029371120591939758
5031	0.026066325510308897
5037	0.04202136663363006
5093	0.027062619214162534
5127	0.024217192734237152
5205	0.029314122212275463
5277	0.021041226912025278
5290	0.05483119236803313
5292	0.042906091738759346
5348	0.025549123387763096
5375	0.04698311554093484
5407	0.10640979847933056
5415	0.023108751130766107
5443	0.030896500802887337
5447	0.08589678015593803
5456	0.021314071051216046
5604	0.023272251734551733
5611	0.039629792585271634
5670	0.03652141262886072
5683	0.012744460409798472
5738	0.03010767070594194
5752	0.037077420517457
5787	0.04146516764913855
5792	0.02505491577328215
5927	0.16668088926173738
5964	0.04395979981499576
5985	0.03893470121671214
5999	0.019298564142211944
6040	0.020135786276087513
6047	0.05991484093831693
6138	0.02778014821028956
6163	0.021523190207332336
6169	0.05709439992792257
6235	0.034124607397655285
6273	0.031398142614025196
6287	0.03366724227063474
6297	0.07010201531748655
6395	0.015361949008593468
6457	0.04450224108728246
6486	0.037077420517457
6491	0.02841562634923495
6547	0.03625349988947852
6571	0.07010201531748655
6599	0.02672050481545708
6601	0.043442597692449965
6612	0.027535790226934535
6620	0.020644118960040727
6639	0.018627938324173848
6646	0.032664956736570785
6648	0.05398642067555598
6681	0.1178304468462528
6759	0.03016498252453844
6848	0.04361655733139398
6849	0.03325542331328034
6904	0.025549123387763096
6913	0.07407998910183557
6995	0.037077420517457
7064	0.06559411884174873
7154	0.02653549899402209
7166	0.07725937856461236
7171	0.017348615847764908
7183	0.06003676032595112
7186	0.02505491577328215
7208	0.02868034934804552
7212	0.06559411884174873
7237	0.006486289264749788
7285	0.01901420488993984
7324	0.045673622514976434
7344	0.06212242513279627
7403	0.04630910065392182
7434	0.053379922440493666
7453	0.01224469804092461
7454	0.07924133594882403
7456	0.05114889761796721
7465	0.03476891913967977
7468	0.062395715391969316
7520	0.020974049422528278
7571	0.028547199963961285
7800	0.030416519474015004
7822	0.05617399621625083
7919	0.009099874649960985
7953	0.03228804468602739
8017	0.03453967718949785
8064	0.01637720974693553
8093	0.04202136663363006
8098	0.06559411884174873
8121	0.019531407012485628
8126	0.07010201531748655
8173	0.06173787515091515
8188	0.02534879651418187
8190	0.017062303698827642
8205	0.034315066708112824
8272	0.0578878189162315
8291	0.007615293900162236
8434	0.05991484093831693
8441	0.021041226912025278
8451	0.024039303488223456
8507	0.05991484093831693
8511	0.039629792585271634
8594	0.027657297891959094
8675	0.020840900038444042
8692	0.03828052191156396
8743	0.07107552806552386
8753	0.02868034934804552
8778	0.03247490354986213
8804	0.04361655733139398
8827	0.045072511762550865
8838	0.026172717142160344
8859	0.026737337124577112
8897	0.0354864481358068
8956	0.020387047606877085
8970	0.022401370780424697
8980	0.04037125666208802
9010	0.04247521906519701
9238	0.037077420517457
9278	0.018290308869661383
9309	0.006818741164870789
9310	0.06784705253210112
9313	0.06640366520835367
9406	0.2222411856823165
9444	0.029089641236247975
9505	0.026608766782595578
9517	0.022632199293675475
9539	0.02090727540386968
9546	0.040616789360847186
9551	0.027535790226934535
9554	0.023438192735797888
9588	0.024039303488223456
9622	0.039629792585271634
9627	0.0374738752706701
9640	0.02271021954849776
9643	0.0778083152430038
9744	0.05789569242663583
9748	0.04929161691871207
9770	0.045072511762550865
9835	0.023438192735797888
9890	0.029089641236247975
9896	0.04202136663363006
9934	0.03796732258945919
9941	0.05114889761796721
9966	0.08317063398638964
9972	0.0184664172166431
10050	0.02694740739883686
10063	0.04846769629073359
10132	0.023522101365677665
10138	0.04395979981499576
10146	0.03573629776693273
10181	0.02965991191151638
10194	0.04846769629073359
10265	0.02377769516675113
10285	0.0346590246296194
10288	0.05234543428432069
10292	0.048978959985861235
10314	0.04076139636521635
10429	0.03893470121671214
10433	0.04770064453706186
10458	0.041165726039238605
10545	0.02377769516675113
10620	0.04542043909699552
10624	0.03796732258945919
10650	0.04846769629073359
10727	0.04770064453706186
10746	0.05114889761796721
10756	0.037662705159471885
10769	0.035991891568006196
10784	0.024674781627168844
10866	0.055721510408650594
10972	0.03578694860937374
10998	0.017744084146012088
11049	0.0578878189162315
11065	0.04395979981499576
11072	0.05114889761796721
11138	0.041165726039238605
11148	0.03325542331328034
11150	0.06021534141188388
11152	0.05617399621625083
11230	0.015985542762990714
11238	0.14776168944478363
11273	0.0778083152430038
11278	0.04395979981499576
11292	0.10548342494083018
11458	0.047536351249959224
11591	0.01410197874017976
11598	0.01744571551026131
11659	0.042948390077969016
11711	0.0330550964396991
11728	0.07851815142648103
11778	0.09631282362084184
11788	0.021736318280584765
11862	0.028494624120963794
11869	0.02672050481545708
11878	0.030734193676713952
11890	0.014887093602107743
11914	0.05902915718242847
11918	0.03650928483920052
11927	0.050304030871557104
11965	0.020260707148607067
11967	0.03529931282048853
11968	0.031398142614025196
11976	0.06559411884174873
11992	0.024489479992930618
12051	0.022632199293675475
12101	0.05991484093831693
12129	0.01364235230656864
12132	0.022788791187786463
12145	0.03387901706767758
12157	0.026608766782595578
12168	0.04247521906519701
12223	0.06750177933997162
12224	0.26155464683426244
12238	0.027657297891959094
