265
50	0.03929369882178549
85	0.025772263691463848
90	0.03630619372682803
104	0.029672375238112413
105	0.030328630406577725
201	0.05428822979834912
319	0.03303709415631664
441	0.023045283135790157
447	0.0372226865745727
454	0.03102240574073508
480	0.029672375238112413
481	0.020881748180933753
532	0.021517378426957667
578	0.11201513922314328
663	0.027674232509868755
956	0.14524894669662958
960	0.016043160367009247
1005	0.23882594956342917
1039	0.0404788115164449
1044	0.063198304474956
1123	0.12524565509498964
1124	0.10415316774906512
1255	0.04986360785768567
1287	0.02778309210894125
1353	0.027248302353789586
1369	0.04986360785768567
1503	0.030712629916421347
1515	0.018627557306366647
1522	0.04746070888760913
1533	0.049247674611264246
1534	0.05207658387453256
1566	0.029171777943395323
1602	0.021714744790779113
1709	0.031166049593967456
1759	0.05584117117793598
1875	0.05877158386530391
1881	0.07009888281609888
1886	0.10383600881806064
1897	0.03652891124041534
1909	0.04290459285373633
1951	0.017498790695907547
1978	0.08575994737897653
1979	0.04179228246149887
2033	0.06541128049180289
2059	0.017220814487273098
2070	0.03145853998647467
2078	0.03046424929162606
2109	0.03987179683715919
2118	0.04366332702384805
2129	0.07541652376460556
2222	0.028691011575481006
2233	0.03847511247593382
2241	0.039014657476566954
2258	0.021781253252726677
2259	0.042144126341158515
2282	0.049207352689220364
2288	0.056998023641118375
2362	0.04213793352117461
2444	0.026736084412961113
2449	0.04986360785768567
2548	0.04044748584067985
2549	0.08814963211031723
2661	0.029171777943395323
2683	0.024708421368740362
2750	0.029672375238112413
2898	0.06811974424154181
2966	0.056998023641118375
2996	0.10582800612384459
3077	0.029930635277642184
3142	0.054918798442531024
3179	0.06855706136521456
3181	0.09274358154717394
3259	0.021387561532429093
3303	0.05129323054017278
3305	0.05129323054017278
3319	0.03238083898785133
3348	0.06095616385756538
3349	0.03175825308906484
3350	0.03957930644465197
3391	0.02778309210894125
3468	0.06782138300885741
3580	0.03102240574073508
3649	0.03847511247593382
3704	0.03874188725726224
3746	0.04369625630865995
3778	0.03770826188230278
3808	0.06818643541996228
3868	0.020697373538015953
4006	0.019702397539046308
4029	0.05320595176037843
4095	0.06811974424154181
4113	0.067461738980948
4247	0.05055738319184303
4412	0.063198304474956
4428	0.05509954769805363
4500	0.049207352689220364
4771	0.03102240574073508
4809	0.015200200086651247
4921	0.014931739387695805
4931	0.05129323054017278
5031	0.02845758584422854
5116	0.05827686470837018
5227	0.05883899201891856
5277	0.022971497109557707
5320	0.030194510103411194
5383	0.026836813322479024
5415	0.02522869089456471
5456	0.0232693712963143
5591	0.028691011575481006
5610	0.02714411489917456
5842	0.10111476638368606
5845	0.07653300109222633
5860	0.03821407523379813
5867	0.17214606945288605
5924	0.0716115613256405
5999	0.021068966760587306
6008	0.0744453731491454
6042	0.06269880316592583
6052	0.04188766813067389
6153	0.04079409583853585
6163	0.023497674527412155
6284	0.05055738319184303
6383	0.02663618455736493
6394	0.062275563278132426
6441	0.044942168091099854
6538	0.03427853068260728
6552	0.06811974424154181
6603	0.033553672709348004
6610	0.033730869490474
6680	0.03160747147382952
6753	0.05028083171732697
6775	0.3569640851524186
6790	0.09716953358086775
6798	0.022537959454679696
6951	0.04079409583853585
6974	0.03191093137809667
7154	0.014484900072378385
7159	0.03821407523379813
7183	0.021848128154329974
7184	0.03409321770998114
7237	0.014162650849204999
7341	0.05381350813371523
7352	0.03525007017316354
7366	0.049207352689220364
7393	0.024539838604050672
7394	0.047992563295336486
7412	0.04145035100700115
7428	0.03504944140804944
7527	0.2566507383891491
7547	0.025679960859296625
7555	0.026836813322479024
7615	0.05129323054017278
7622	0.047992563295336486
7653	0.06811974424154181
7802	0.02113202022153342
7804	0.03525007017316354
7865	0.06811974424154181
7891	0.0716115613256405
7919	0.019869349358087953
8029	0.05129323054017278
8057	0.01964633386460848
8064	0.017879614527104525
8131	0.09964639118506007
8134	0.02980081838311361
8192	0.07653300109222633
8218	0.029116480517746384
8224	0.13082256098360578
8256	0.06811974424154181
8279	0.026053459988119237
8288	0.03504944140804944
8291	0.024941706471883384
8309	0.044942168091099854
8323	0.063198304474956
8369	0.0744453731491454
8388	0.049207352689220364
8405	0.03504944140804944
8414	0.02586527383192276
8420	0.03847511247593382
8424	0.0873266540476961
8428	0.05129323054017278
8444	0.08428825268231703
8482	0.03391069150442871
8545	0.03874188725726224
8554	0.028809429723888193
8602	0.026244609827381638
8787	0.0716115613256405
8795	0.08269902169343056
8803	0.03446671683880376
8877	0.05827686470837018
8911	0.048771876382117774
8926	0.03222217314763195
8938	0.029171777943395323
8947	0.04637179077358697
8970	0.04891283443538753
9067	0.046888369326618336
9109	0.1752472070402472
9113	0.05478504762427149
9243	0.07075083649385903
9278	0.011746009787721601
9310	0.03950462591431096
9395	0.04407481605515862
9439	0.05381350813371523
9601	0.03821407523379813
9627	0.020455818024854588
9632	0.0404788115164449
9633	0.018627557306366647
9772	0.05883899201891856
9835	0.02558835465891633
9955	0.026244609827381638
10043	0.06132725991260681
10050	0.02941949600945928
10087	0.047427914327251464
10097	0.03746304619001044
10098	0.06811974424154181
10106	0.026438818193543483
10107	0.08358456492299773
10137	0.02778309210894125
10248	0.02429127502484255
10285	0.007567711592372708
10320	0.06811974424154181
10391	0.03391069150442871
10425	0.04423874878093072
10427	0.044942168091099854
10441	0.15440220985550487
10443	0.0716115613256405
10444	0.05381350813371523
10505	0.05827686470837018
10564	0.04115198977431675
10585	0.03630619372682803
10661	0.04858476679043387
10812	0.03303709415631664
10843	0.045876303040694955
10944	0.023652297815075864
10950	0.07695022495186764
10972	0.019534977451107948
11064	0.019702397539046308
11075	0.056998023641118375
11105	0.05470678375102077
11117	0.045876303040694955
11151	0.05381350813371523
11185	0.04366332702384805
11217	0.03409321770998114
11218	0.07653300109222633
11219	0.06541128049180289
11230	0.017452016981238244
11238	0.023045283135790157
11458	0.012974304681744576
11591	0.046186978338788764
11633	0.063198304474956
11672	0.07642815046759625
11696	0.04637179077358697
11772	0.028342535087696533
11821	0.02929500503161826
11823	0.06541128049180289
11835	0.04342948958155823
11881	0.06132725991260681
11906	0.02800378480578582
11965	0.1105968719523268
11967	0.012845861536743379
11991	0.026341325589586996
12109	0.044793642148907374
12129	0.01489386801863757
12218	0.0077552515900907
12255	0.09762481927027387
12256	0.02595900220451516
