275
50	0.04146195704669166
77	0.025893966835460705
85	0.0271943981404734
104	0.03130972101088728
105	0.032002188872718926
201	0.057283898424755064
234	0.044098414561603086
319	0.03486010785264288
355	0.04032275895198572
441	0.024316940582219324
447	0.039276664661096715
454	0.03273424729346852
480	0.03130972101088728
481	0.02203402001080349
532	0.022704724850216823
557	0.027000340858094163
578	0.08864716920860713
630	0.04304514718981448
663	0.02920131914352057
956	0.15326390158194864
960	0.0169284349902262
1005	0.25200455949298944
1044	0.0666856382609516
1123	0.0991176090736357
1124	0.0549502120820244
1255	0.05261512225064936
1287	0.029316185703712187
1353	0.028751885815384664
1369	0.05261512225064936
1503	0.01620368889374686
1515	0.019655441052374482
1522	0.05007962936318375
1533	0.02598260065363964
1534	0.0549502120820244
1566	0.030781500350740565
1602	0.022912982050343006
1709	0.032885817531224805
1875	0.062014647611597404
1881	0.0739669961212905
1886	0.054782882072778843
1897	0.03854460624034712
1909	0.04527210314497384
1951	0.018464388183290874
1978	0.09049225095048177
1979	0.044098414561603086
2033	0.06902072809232664
2059	0.01817107302162394
2065	0.02759156285187348
2070	0.03319444778122257
2078	0.03214529131802694
2109	0.042071954980225805
2118	0.04607270488302116
2129	0.07957806881761993
2222	0.030274204904049105
2233	0.04059820044122053
2258	0.022983160503255225
2259	0.044469673472395714
2282	0.05192265438881772
2288	0.0601432208933234
2353	0.012519190506042624
2362	0.04446313892757378
2444	0.028211403272433006
2449	0.05261512225064936
2548	0.04267941097067567
2549	0.09301380042678227
2661	0.06156300070148113
2683	0.026071852134069987
2730	0.06867455740818794
2750	0.03130972101088728
2898	0.0718786470722506
2966	0.0601432208933234
2996	0.11166768148106056
3077	0.03158223204922007
3142	0.02897463117951224
3179	0.03617004785505158
3181	0.09786124772589024
3259	0.02256774455397924
3303	0.05412363267424412
3305	0.05412363267424412
3319	0.034167639990811245
3348	0.04823983087701018
3349	0.06702139859262739
3350	0.04176332473022804
3391	0.029316185703712187
3413	0.0549502120820244
3468	0.03578191101217248
3580	0.03273424729346852
3649	0.04059820044122053
3704	0.04087969607172216
3746	0.023053725616261088
3778	0.039789034408809966
3808	0.03597450916203957
3868	0.02183947142529546
4006	0.020789591842340638
4029	0.0701773742566989
4095	0.0718786470722506
4113	0.07118433254678495
4247	0.05334718067139896
4412	0.0666856382609516
4428	0.05813998550531542
4771	0.03273424729346852
4809	0.016038959476740233
4931	0.05412363267424412
5031	0.0600557971026017
5116	0.061492629449652586
5227	0.06208577540189385
5277	0.024239082983112375
5383	0.028317690485014688
5415	0.026620830555019046
5456	0.024553394109500214
5591	0.030274204904049105
5610	0.028641949212377532
5842	0.10669436134279792
5845	0.08075615427125384
5860	0.04032275895198572
5867	0.18164522942429462
5924	0.07556314545995484
5987	0.06607840604909047
5999	0.02223156946378689
6008	0.039276664661096715
6042	0.06615857406387243
6052	0.044199063689498684
6153	0.04304514718981448
6163	0.024794295298373584
6284	0.05334718067139896
6383	0.028105990861642012
6394	0.043807986303474655
6441	0.04742211343935036
6538	0.03617004785505158
6552	0.0718786470722506
6603	0.03540519162992153
6610	0.03559216627339248
6680	0.03335159742904811
6753	0.02652768443091829
6775	0.32285284575803086
6790	0.10253142738864035
6798	0.023781622368213233
6951	0.04304514718981448
6974	0.03367180249737682
7005	0.043386701714014424
7128	0.03335159742904811
7154	0.015284188626538766
7157	0.10253142738864035
7159	0.04032275895198572
7184	0.03597450916203957
7237	0.014944157429421307
7341	0.05678298123298202
7352	0.03719519768401793
7366	0.05192265438881772
7393	0.025893966835460705
7394	0.05064083192923128
7412	0.04373761505164612
7428	0.03698349806064525
7527	0.2708129346477509
7547	0.02709700196303633
7555	0.028317690485014688
7582	0.16151230854250767
7589	0.03878400639955437
7615	0.05412363267424412
7653	0.0718786470722506
7802	0.022298102265935406
7891	0.07556314545995484
7919	0.010482878099197982
8029	0.05412363267424412
8057	0.02073043452879875
8064	0.01886622618289124
8131	0.08411596800619159
8134	0.03144525175298248
8191	0.03158223204922007
8192	0.08075615427125384
8218	0.015361575784109134
8224	0.06902072809232664
8256	0.0718786470722506
8279	0.02749111107723441
8288	0.03698349806064525
8291	0.026318010098735464
8309	0.04742211343935036
8323	0.0666856382609516
8369	0.07855332932219343
8388	0.05192265438881772
8405	0.03698349806064525
8414	0.027292540656048345
8420	0.04059820044122053
8424	0.09214540976604232
8428	0.05412363267424412
8444	0.08893934694479143
8482	0.03578191101217248
8545	0.04087969607172216
8554	0.030399157462093485
8602	0.027692808719925802
8730	0.04032275895198572
8787	0.07556314545995484
8795	0.05817494726585161
8803	0.03636861827623765
8877	0.061492629449652586
8911	0.051463148145289205
8938	0.030781500350740565
8943	0.045246125475240886
8947	0.04893062386294512
8970	0.05161188437845888
9067	0.04947570764022377
9109	0.147933992242581
9113	0.05780813106194836
9243	0.05599119384949886
9278	0.011154747735702296
9310	0.04689508867599273
9439	0.05678298123298202
9601	0.04032275895198572
9627	0.021584586682667585
9632	0.042712465222679775
9633	0.019655441052374482
9772	0.031042887700946924
9835	0.027000340858094163
9955	0.027692808719925802
10043	0.06471134793953352
10050	0.031042887700946924
10087	0.0500450251723418
10097	0.03953028751539297
10098	0.0718786470722506
10106	0.02789773366151583
10107	0.044098414561603086
10137	0.029316185703712187
10248	0.025631687316007953
10279	0.024633192097310453
10285	0.007985304066379824
10288	0.0301504596359723
10320	0.0718786470722506
10388	0.0666856382609516
10391	0.03578191101217248
10425	0.04667987888015746
10441	0.16292224923844212
10443	0.07556314545995484
10444	0.05678298123298202
10473	0.03854460624034712
10564	0.021711395001870235
10585	0.03830959899341461
10661	0.051265713694320175
10812	0.03486010785264288
10944	0.024957450824673297
10950	0.08119640088244107
10972	0.041225866755860874
11064	0.020789591842340638
11075	0.0601432208933234
11105	0.028862774262293337
11117	0.04840779471439621
11151	0.05678298123298202
11185	0.04607270488302116
11217	0.03597450916203957
11219	0.06902072809232664
11230	0.018415033457045107
11238	0.024316940582219324
11458	0.013690237354976001
11591	0.04873561332784505
11633	0.0666856382609516
11672	0.04032275895198572
11696	0.04893062386294512
11730	0.026343400163596615
11772	0.029906499200551138
11821	0.030911527209806722
11823	0.06902072809232664
11835	0.022912982050343006
11836	0.03617004785505158
11881	0.06471134793953352
11906	0.02954905640286904
11965	0.11669969720039367
11967	0.013554706612880807
11985	0.02471349038925213
11991	0.02779486133646577
11992	0.028211403272433006
12066	0.03258444984768843
12129	0.031431447512671976
12132	0.026252242941683476
12218	0.008183192673537594
12255	0.06867455740818794
12256	0.027391441036389422
