323
23	0.22478459891014738
69	0.04096494100885847
85	0.019966082713246694
110	0.020869491044154195
127	0.04751096600014405
189	0.029213044097643307
236	0.017243001939275283
310	0.045147788140216596
330	0.03964721234673942
441	0.05356037421638386
446	0.026849866237715854
481	0.032354683032038374
557	0.01982360617336971
614	0.016177341516019187
663	0.021439560836895813
711	0.030225124480009514
782	0.050674905872210414
812	0.07678270280334125
818	0.1109566760428614
840	0.05659877393638088
869	0.03862993684940454
873	0.016569201204183308
888	0.048960486730618646
897	0.046255334030208616
917	0.02472178241614245
940	0.018630042229014696
941	0.03351817308605336
1086	0.027627438912000035
1087	0.052773185321020676
1093	0.027957412127707866
1153	0.050674905872210414
1164	0.016569201204183308
1254	0.035172120818374605
1353	0.021109587621187975
1438	0.05920980757161486
1442	0.044157054581398354
1444	0.03812152807587046
1503	0.011896721929314033
1509	0.0316036767850584
1515	0.028861985456702002
1522	0.055152573166856914
1528	0.04099311470933199
1533	0.03815276595393671
1644	0.019894574598795418
1704	0.044157054581398354
1725	0.03351817308605336
1767	0.03264956165584288
1875	0.04553105302239449
1876	0.025464531911648488
1882	0.028654269527562542
1886	0.04022150257141529
1897	0.02829938696819044
1981	0.10978651441694595
1997	0.04099311470933199
2004	0.035172120818374605
2045	0.0376392032905863
2070	0.024371309362940016
2075	0.13852231496997222
2092	0.03351817308605336
2146	0.019613859074218757
2163	0.0658088879026448
2166	0.03674297577082157
2201	0.03862993684940454
2259	0.03264956165584288
2342	0.024603500708962178
2353	0.027574707686712035
2357	0.06045024896001903
2362	0.016322382001851928
2460	0.04391460576677838
2502	0.044157054581398354
2538	0.02360102040066565
2548	0.00783378846253007
2581	0.03812152807587046
2652	0.02472178241614245
2659	0.017296889030785936
2661	0.13559836379523263
2663	0.029406932858182456
2730	0.025210373960561937
2745	0.11853636594598725
2769	0.04034435599099631
2792	0.03237698396970967
2811	0.02670178015777244
2880	0.023793443858628065
2946	0.048960486730618646
3004	0.041689972109186665
3024	0.04244263543980658
3138	0.06829058040562419
3149	0.04034435599099631
3259	0.016569201204183308
3290	0.025464531911648488
3297	0.029213044097643307
3319	0.025085825494246337
3338	0.03592478414899452
3348	0.04722347342214553
3349	0.07381050212688653
3391	0.02152389567784082
3530	0.08831410916279671
3550	0.04751096600014405
3566	0.08596280858268762
3619	0.0376392032905863
3649	0.029807132477478206
3662	0.03674297577082157
3664	0.025085825494246337
3702	0.016669771914027194
3722	0.029807132477478206
3809	0.03135942222797257
3863	0.03088916065375208
3884	0.10185812764659395
4029	0.0206096454390342
4041	0.03284066726959095
4076	0.027790978194656358
4090	0.04751096600014405
4099	0.06422417111718497
4113	0.026131710365030817
4121	0.020869491044154195
4134	0.025859132678897605
4151	0.03718041611892995
4182	0.02559423426778042
4190	0.04244263543980658
4193	0.048960486730618646
4207	0.08596280858268762
4219	0.10554637064204135
4283	0.28443309106552556
4286	0.044157054581398354
4294	0.024962905159132884
4428	0.010671570607573335
4524	0.022136418236750485
4529	0.03274246055311667
4554	0.3792441214207008
4578	0.029023072550963973
4581	0.045147788140216596
4623	0.03812152807587046
4654	0.017796295149985156
4753	0.03141884103943215
4763	0.02829938696819044
4787	0.048960486730618646
4921	0.023135596254676108
4982	0.01259123875125133
5006	0.050674905872210414
5031	0.022046434088495572
5093	0.0228890815673704
5127	0.020482470504429234
5165	0.031854445559054916
5182	0.045147788140216596
5227	0.022791637464948333
5279	0.0554783380214307
5292	0.018144604292987147
5325	0.04099311470933199
5334	0.025210373960561937
5350	0.029213044097643307
5357	0.0554783380214307
5366	0.07348595154164314
5409	0.039737482739396555
5426	0.033219631448584495
5479	0.14418431532720422
5480	0.1044517147770075
5542	0.04326082706163364
5631	0.031854445559054916
5648	0.041689972109186665
5675	0.25427488637803186
5683	0.010779037739973872
5737	0.030662564828117893
5787	0.008767625160512304
5830	0.018323719646348442
5923	0.029807132477478206
5935	0.03592478414899452
5987	0.024257328916062457
6013	0.034145290202812095
6042	0.07286027558652598
6052	0.01622544019753818
6068	0.02627102064243852
6099	0.052773185321020676
6102	0.021109587621187975
6145	0.010779037739973872
6214	0.04501044252030381
6250	0.04326082706163364
6329	0.027185799989791162
6338	0.03632498376829027
6383	0.020635372600731196
6394	0.016081876008393375
6395	0.012992863000764864
6422	0.02370727318919745
6468	0.027466695309975125
6538	0.026555990078752284
6659	0.0554783380214307
6713	0.04326082706163364
6759	0.051026010455125066
6772	0.03274246055311667
6798	0.017460428313442255
6799	0.03237698396970967
6809	0.021273126903844298
6858	0.033219631448584495
6913	0.01566388400586207
7021	0.03592478414899452
7124	0.059291036611832736
7154	0.03366487900331503
7195	0.0554783380214307
7209	0.02829938696819044
7391	0.045147788140216596
7421	0.09004141832934666
7453	0.010356347625061798
7454	0.029787071691220444
7520	0.017739477625250397
7524	0.025210373960561937
7527	0.016569201204183308
7547	0.019894574598795418
7555	0.020790802118560138
7624	0.017243001939275283
7625	0.052773185321020676
7670	0.06829058040562419
7704	0.024962905159132884
7769	0.03718041611892995
7790	0.029406932858182456
7800	0.025725750701613457
7802	0.03274246055311667
7922	0.068374912394845
7951	0.021439560836895813
7953	0.027308653409372198
8101	0.0554783380214307
8131	0.030878903185154252
8136	0.02942824674691667
8166	0.023087052494995368
8195	0.044157054581398354
8218	0.011278443859173095
8269	0.03592478414899452
8291	0.00644088001463999
8293	0.03009699430639362
8313	0.033219631448584495
8350	0.03351817308605336
8384	0.04244263543980658
8414	0.08015255515176088
8602	0.020332014946903794
8683	0.027627438912000035
8686	0.025336594268242852
8784	0.03211208555859248
8804	0.018445053868320824
8805	0.03351817308605336
8810	0.050674905872210414
8842	0.018506313184226745
8859	0.011306981883306682
8923	0.034145290202812095
8941	0.024144713537305833
8966	0.027790978194656358
8970	0.0757867224833457
8992	0.039737482739396555
9079	0.03264956165584288
9080	0.0658088879026448
9104	0.059291036611832736
9110	0.03916741294665494
9121	0.02339205020668592
9130	0.025210373960561937
9237	0.016129487612564643
9238	0.03135942222797257
9243	0.027405762070012926
9278	0.011829707607908396
9309	0.01153433978244323
9310	0.022953531692161213
9416	0.02241165559529133
9546	0.03435295738849285
9549	0.03237698396970967
9554	0.01982360617336971
9588	0.020332014946903794
9633	0.028861985456702002
9689	0.03135942222797257
9719	0.10134981174442083
9790	0.020257680395888357
9835	0.01982360617336971
9912	0.04099311470933199
9991	0.035172120818374605
10050	0.13674982478969
10081	0.023087052494995368
10132	0.019894574598795418
10285	0.011725594415158422
10316	0.04034435599099631
10330	0.019613859074218757
10385	0.034378843796770794
10421	0.039737482739396555
10425	0.1199530180013272
10448	0.03592478414899452
10458	0.0348172382590025
10518	0.07034424163674921
10564	0.04782141228367326
10586	0.09191449638644705
10591	0.02960490378580743
10598	0.04099311470933199
10638	0.039737482739396555
10699	0.050674905872210414
10703	0.04034435599099631
10728	0.018263634638497072
10786	0.10237693707112168
10830	0.0316036767850584
10944	0.05497115893904533
10962	0.03592478414899452
10972	0.015133982030434385
11014	0.034145290202812095
11041	0.012924723052344851
11064	0.030527368773132633
11105	0.021191001737855885
11238	0.03570691614425591
11275	0.030662564828117893
11311	0.04751096600014405
11318	0.050674905872210414
11445	0.04034435599099631
11455	0.08192596022811659
11458	0.020102699826742492
11459	0.03632498376829027
11666	0.052773185321020676
11698	0.04751096600014405
11755	0.03264956165584288
11786	0.031854445559054916
11835	0.1850494141136207
11836	0.05311198015750457
11858	0.059291036611832736
11936	0.027308653409372198
11952	0.025210373960561937
11992	0.02071276622062247
12066	0.04784689975221937
12082	0.025085825494246337
12086	0.039737482739396555
12109	0.017351086712434988
12128	0.03674297577082157
12208	0.0658088879026448
12248	0.04034435599099631
