448
25	0.023072716160853067
69	0.014226112922209369
77	0.013204316188356388
197	0.042593407825002594
202	0.028471793906010047
210	0.010879360603477781
216	0.02802119812537336
257	0.0411806272066831
262	0.01512837946469933
323	0.051039714403658204
470	0.025823681673958803
490	0.054449388186304154
548	0.03299877166746756
605	0.03883567676619006
623	0.027203751585016398
632	0.02248745481820907
633	0.0411806272066831
718	0.03400553721317435
787	0.03400553721317435
832	0.01805445059698653
873	0.011508149239641132
899	0.017253728901535533
912	0.028471793906010047
940	0.012939507684787346
995	0.0411806272066831
1000	0.0411806272066831
1010	0.01449491828434335
1035	0.040315987016332246
1056	0.0411806272066831
1080	0.026142332595967106
1086	0.019188655276157367
1157	0.03853251497463185
1161	0.02495158169025933
1208	0.028471793906010047
1233	0.031357424981123094
1287	0.014949435439079633
1299	0.03400553721317435
1365	0.03665364944522559
1438	0.020562104762556148
1445	0.031393309952538216
1460	0.03519628811888212
1465	0.03400553721317435
1500	0.046145432321706134
1522	0.025537503191731797
1533	0.10599611148234456
1534	0.02802119812537336
1565	0.019188655276157367
1592	0.09172383604160177
1598	0.06425334336753616
1600	0.0411806272066831
1618	0.020562104762556148
1702	0.03853251497463185
1706	0.07814207245611249
1707	0.03853251497463185
1709	0.01676972615104379
1710	0.027599693922310573
1743	0.02495158169025933
1767	0.045353547647117784
1773	0.027203751585016398
1777	0.023280068445124386
1794	0.022405491769569713
1863	0.026477331582498008
1938	0.09119895993146515
1951	0.009415692131915338
2057	0.026142332595967106
2077	0.02802119812537336
2079	0.11961863951136464
2081	0.021780706662993043
2092	0.023280068445124386
2129	0.02028993836679451
2136	0.027599693922310573
2175	0.021296703912501297
2182	0.05791159331300359
2186	0.03299877166746756
2194	0.0680110744263487
2203	0.052954663164996016
2213	0.03299877166746756
2241	0.06297863832111479
2258	0.03515995678311372
2306	0.02802119812537336
2318	0.11582318662600719
2328	0.03853251497463185
2347	0.03519628811888212
2353	0.0063840102566932585
2374	0.0770650299492637
2393	0.028955796656501796
2399	0.016692434735757912
2538	0.06556841494811519
2548	0.005440962761428334
2551	0.026477331582498008
2581	0.026477331582498008
2599	0.030046834963286608
2605	0.019535518114028122
2616	0.031357424981123094
2626	0.012360428120519374
2638	0.010754360646855574
2650	0.03212667168376808
2683	0.039885079954943406
2712	0.022676773823558892
2713	0.049369942539247265
2739	0.20714668631354038
2763	0.011792152608949598
2805	0.01466167751469986
2846	0.0411806272066831
2866	0.0770650299492637
2870	0.022303469458208085
2881	0.014018760637938055
2887	0.015189133841102653
2938	0.024684971269623632
3048	0.03853251497463185
3086	0.020562104762556148
3095	0.0411806272066831
3106	0.030046834963286608
3109	0.019535518114028122
3121	0.020702562829037777
3158	0.028955796656501796
3168	0.026142332595967106
3171	0.025229540590495286
3258	0.01175596942295638
3259	0.011508149239641132
3269	0.022676773823558892
3272	0.0740549138088709
3295	0.02947855945171684
3312	0.021615354834509597
3313	0.03400553721317435
3319	0.017423376059582992
3321	0.0348396257499897
3332	0.025519857201829102
3348	0.0901975071648257
3359	0.03665364944522559
3404	0.021296703912501297
3427	0.008976874620235862
3448	0.03519628811888212
3461	0.07330729889045118
3465	0.022676773823558892
3618	0.026142332595967106
3624	0.035735673039111085
3635	0.024684971269623632
3642	0.02308596316032481
3647	0.0411806272066831
3648	0.025823681673958803
3710	0.05045908118099057
3772	0.017423376059582992
3806	0.11559754492389554
3808	0.018344767208320352
3849	0.02028993836679451
3859	0.01610497845161563
3870	0.02145408618738245
3973	0.021296703912501297
4006	0.010601401703241822
4029	0.007157221176981455
4074	0.027599693922310573
4076	0.01930224158898925
4106	0.07183444843365763
4153	0.0411806272066831
4207	0.019901841133586777
4222	0.017686406842767243
4316	0.029211233338968575
4358	0.01805445059698653
4400	0.0770650299492637
4411	0.3062382864219492
4417	0.036689534416640704
4423	0.01371957634246299
4425	0.05201400498784069
4430	0.08626864450767766
4432	0.02802119812537336
4448	0.05895711890343368
4529	0.011370648405886807
4633	0.042836988581621105
4734	0.02495158169025933
4745	0.03853251497463185
4747	0.03066931035742461
4768	0.017686406842767243
4776	0.02114302509582353
4798	0.09407227494336928
4802	0.01244007603893984
4823	0.0411806272066831
4863	0.01907701070508697
4868	0.0411806272066831
4883	0.03212667168376808
4885	0.04789804419971856
4906	0.04016104430714218
4976	0.01805445059698653
4986	0.00861012292761961
5012	0.0770650299492637
5049	0.017597547671130875
5058	0.03519628811888212
5085	0.03519628811888212
5119	0.02394481614455254
5136	0.022871744969777858
5140	0.025823681673958803
5205	0.00861012292761961
5222	0.07048266109174757
5231	0.03519628811888212
5334	0.017509881276114882
5341	0.030046834963286608
5383	0.05776105936400338
5405	0.022676773823558892
5447	0.05045908118099057
5456	0.03756212186946671
5508	0.01941783838309503
5522	0.025519857201829102
5538	0.01941783838309503
5544	0.03665364944522559
5546	0.0411806272066831
5561	0.026477331582498008
5591	0.015437965779608275
5604	0.05468407255342343
5608	0.028471793906010047
5610	0.014605616669484288
5615	0.056943587812020094
5624	0.02114302509582353
5656	0.02947855945171684
5692	0.03665364944522559
5737	0.021296703912501297
5747	0.025519857201829102
5750	0.03665364944522559
5787	0.0060895596342286935
5835	0.0411806272066831
5909	0.03853251497463185
5928	0.023072716160853067
5963	0.021296703912501297
5996	0.025122798623189165
6015	0.03400553721317435
6019	0.013768498281824958
6037	0.14010599062686682
6042	0.01686838359030097
6067	0.02947855945171684
6072	0.022303469458208085
6102	0.02932335502939972
6130	0.024182334987614348
6157	0.03299877166746756
6163	0.012643551946581384
6235	0.010023055182171954
6236	0.01844447980724331
6237	0.03400553721317435
6261	0.017170529708038892
6264	0.025965807029314746
6266	0.03400553721317435
6279	0.01930224158898925
6299	0.03853251497463185
6325	0.03212667168376808
6341	0.03212667168376808
6383	0.014332311170490204
6386	0.027203751585016398
6394	0.05584838607405799
6395	0.03609680505907854
6422	0.016465901678914086
6435	0.03066931035742461
6475	0.04885763779008857
6491	0.016692434735757912
6533	0.03519628811888212
6544	0.01796047705675156
6546	0.02683044721966559
6554	0.01733800166261356
6581	0.03299877166746756
6599	0.015696654976269108
6628	0.018246554103920495
6694	0.022676773823558892
6701	0.020846108131864615
6705	0.02683044721966559
6738	0.025519857201829102
6770	0.03400553721317435
6772	0.10233583565298127
6785	0.0219503538210405
6804	0.05895711890343368
6806	0.043561413325986086
6848	0.012811023901156054
6853	0.03649310820784099
6886	0.023715633037614873
6914	0.05887289496494719
6925	0.031357424981123094
7004	0.013480317046794836
7014	0.07763704610872407
7101	0.0411806272066831
7141	0.023715633037614873
7142	0.031357424981123094
7154	0.015587975422206699
7186	0.029436447482473593
7191	0.03665364944522559
7214	0.06425334336753616
7233	0.018859288931947712
7235	0.03299877166746756
7237	0.01905148225458667
7285	0.011169677214811598
7349	0.017253728901535533
7374	0.0219503538210405
7432	0.026477331582498008
7439	0.029781721243275057
7453	0.028772031331654926
7462	0.031357424981123094
7476	0.009491782876480547
7490	0.03853251497463185
7518	0.01804840252953927
7564	0.0411806272066831
7589	0.019777436450935423
7615	0.027599693922310573
7628	0.03853251497463185
7802	0.022741296811773615
7810	0.03066931035742461
7856	0.024684971269623632
7914	0.024182334987614348
7922	0.03165989260800333
7936	0.02114302509582353
7951	0.014890860621637528
8066	0.014173654420365143
8089	0.036299592124202765
8120	0.03400553721317435
8129	0.0411806272066831
8136	0.010219703751892286
8166	0.016035127001098638
8190	0.010023055182171954
8196	0.03299877166746756
8218	0.01566690071812373
8291	0.031314621188298086
8293	0.020903886546755183
8308	0.04656013689024877
8347	0.015696654976269108
8350	0.023280068445124386
8364	0.023280068445124386
8431	0.03665364944522559
8443	0.024182334987614348
8524	0.010662156079645145
8550	0.019777436450935423
8554	0.10851178681035101
8594	0.032493926711657496
8685	0.031357424981123094
8741	0.05030917845313137
8779	0.031357424981123094
8859	0.023559814385649296
8862	0.043561413325986086
8892	0.08646141933803839
8905	0.04198575888074319
8911	0.013121505956901697
8919	0.21660397261501266
8938	0.015696654976269108
8970	0.013159429081309734
8978	0.027203751585016398
8987	0.032070254002197277
9008	0.03519628811888212
9035	0.03665364944522559
9047	0.04057987673358902
9053	0.026477331582498008
9116	0.10881500634006559
9121	0.016246963355828748
9135	0.024684971269623632
9139	0.020562104762556148
9166	0.028955796656501796
9195	0.11388717562404019
9199	0.027599693922310573
9207	0.031357424981123094
9243	0.009517344742249164
9248	0.023072716160853067
9278	0.013904560063349725
9285	0.0770650299492637
9310	0.021256520056704704
9387	0.03400553721317435
9441	0.016035127001098638
9520	0.12136601163829494
9534	0.024027130565297226
9549	0.02248745481820907
9551	0.016175585067580267
9583	0.22892412846104365
9584	0.3224314946725752
9585	0.0680110744263487
9595	0.013387014769047393
9625	0.03452444771892339
9627	0.011006799736941826
9633	0.010023055182171954
9640	0.013340858758098036
9642	0.023280068445124386
9689	0.021780706662993043
9772	0.015829946304001665
9875	0.019901841133586777
9893	0.022676773823558892
10021	0.02947855945171684
10040	0.02947855945171684
10075	0.01466167751469986
10148	0.018753090683666877
10156	0.05790672476696777
10157	0.03519509534226175
10285	0.020360047655628197
10291	0.03519628811888212
10391	0.018246554103920495
10430	0.023494220363915855
10455	0.015897626167344317
10466	0.017776491696750576
10478	0.028955796656501796
10586	0.036479583972586056
10592	0.0411806272066831
10595	0.015312364824700319
10603	0.03519628811888212
10647	0.03853251497463185
10692	0.005880786887770311
10813	0.012165456974300404
10840	0.030046834963286608
10849	0.14121613918992543
10877	0.015762960605337
10893	0.014605616669484288
10932	0.05366089443933118
10983	0.024182334987614348
10998	0.005211779654490671
11041	0.026930623860707586
11048	0.021296703912501297
11062	0.030749726744258545
11071	0.024428818895044287
11086	0.017509881276114882
11175	0.027203751585016398
11176	0.03299877166746756
11179	0.01692710842592494
11202	0.02802119812537336
11230	0.009390524284328293
11238	0.012400130664467433
11275	0.021296703912501297
11330	0.0411806272066831
11374	0.03853251497463185
11375	0.03853251497463185
11455	0.018967242602458353
11496	0.03853251497463185
11537	0.0411806272066831
11577	0.0411806272066831
11591	0.033136184558794204
11606	0.03400553721317435
11617	0.021780706662993043
11620	0.05604239625074672
11699	0.03853251497463185
11715	0.02145408618738245
11724	0.04874089006748624
11730	0.06716749647647029
11778	0.037718577863895424
11835	0.046736795753755826
11836	0.09222239903621654
11852	0.034341059416077784
11918	0.010723480928020411
11965	0.01190192071157822
11967	0.006912059210324504
12039	0.020846108131864615
12051	0.013295026651647801
12058	0.03856071479399669
12066	0.016616047334366026
12073	0.02802119812537336
12108	0.015250458689477919
12109	0.07230724990154944
12166	0.03853251497463185
12188	0.03853251497463185
12218	0.037556283963912175
12238	0.016246963355828748
12278	0.03853251497463185
