391
29	0.021104317508581747
74	0.029971636985895892
80	0.018573468076530788
88	0.030234994049009725
220	0.02591678713636946
236	0.01569379425018473
247	0.07976514271202187
313	0.021975417495084602
330	0.018042542573339867
341	0.03425748684965726
344	0.05396399842343124
355	0.02694503372714371
366	0.036740983723597936
367	0.07750798238354308
371	0.05396399842343124
425	0.08419899247244096
428	0.039374032514122484
441	0.016249403591382543
447	0.0524919961574627
481	0.014723878716796535
502	0.023910685283035735
521	0.04803174732982586
547	0.04209949623622048
557	0.018042542573339867
562	0.035703280652283606
579	0.030905391586408124
612	0.03671959350864141
664	0.023783891419747183
665	0.048605485910808696
755	0.023060212998092678
820	0.04803174732982586
836	0.04109145846058342
839	0.044561602895204645
973	0.030506713036808346
1069	0.04109145846058342
1104	0.044561602895204645
1186	0.04935411914073359
1252	0.03564839360695794
1311	0.03469647687985453
1341	0.021290377645758682
1430	0.043748266253578666
1456	0.04612198903686801
1466	0.02658838090400729
1503	0.021655707848068865
1513	0.05049385398881002
1521	0.02658838090400729
1602	0.015311230932166336
1617	0.0361672451426151
1682	0.021874133126789333
1686	0.026079809765062585
1720	0.044561602895204645
1752	0.04612198903686801
1767	0.029716142513352563
1789	0.0646954571133988
1796	0.02694503372714371
1798	0.07097684588399736
1856	0.06539420141598777
1875	0.05525371824420215
1884	0.04803174732982586
1938	0.2151164165001021
2056	0.033441781420517104
2059	0.03642757996860257
2078	0.021480572789289297
2081	0.02854191642404675
2086	0.09668020588841895
2197	0.05396399842343124
2246	0.013354832582451728
2258	0.015358126552153304
2342	0.022392984662446498
2353	0.00836574726505027
2372	0.023783891419747183
2399	0.021874133126789333
2508	0.04803174732982586
2538	0.021480572789289297
2540	0.039374032514122484
2548	0.021389871339697556
2581	0.03469647687985453
2605	0.025599772033953874
2610	0.09999573541667901
2659	0.01574283982414496
2661	0.020569241457669297
2683	0.017422094949359215
2745	0.021577279233306348
2805	0.019212984258766178
2825	0.02014755867145721
2842	0.03671959350864141
2891	0.02658838090400729
2929	0.029468054730353344
3004	0.037944311952273345
3064	0.042208635017163494
3098	0.014133408108521373
3179	0.02417005147210474
3208	0.04324231521052195
3319	0.022831974692643774
3348	0.010745163143230613
3366	0.04324231521052195
3384	0.019066682760564373
3404	0.02790766858868998
3427	0.011763493679259246
3430	0.05049385398881002
3450	0.06939295375970907
3584	0.19687016257061243
3585	0.03425748684965726
3606	0.03862935180159927
3651	0.03813336552112875
3664	0.04566394938528755
3667	0.028764225786249153
3688	0.024574461943202966
3707	0.09606349465965172
3751	0.0361672451426151
3771	0.029971636985895892
3801	0.03813336552112875
3858	0.03671959350864141
3868	0.014593874760362799
3919	0.02790766858868998
3942	0.023294705179767294
3951	0.029971636985895892
3967	0.05396399842343124
4029	0.056273879031365784
4043	0.033839919682295355
4084	0.025294081351627935
4134	0.023535803636747964
4146	0.013892309651540695
4147	0.022392984662446498
4176	0.04803174732982586
4206	0.03731006411691657
4207	0.026079809765062585
4308	0.04612198903686801
4332	0.033839919682295355
4406	0.023060212998092678
4425	0.022720098207607817
4428	0.03885110818438238
4439	0.04109145846058342
4471	0.09606349465965172
4491	0.030234994049009725
4497	0.039374032514122484
4525	0.059896249517036614
4547	0.08957193864978599
4654	0.016197376505727286
4672	0.19979341496832725
4747	0.16075895177305052
4753	0.01429799835865565
4763	0.025756811838751455
4766	0.03671959350864141
4786	0.030234994049009725
4804	0.032012060858667965
4809	0.03215332843893418
4885	0.020922216399685924
4895	0.06402412171733593
4896	0.05396399842343124
4906	0.017542638198917115
4921	0.02105696495047148
4945	0.10058094140948622
4952	0.02778461930308139
4982	0.011459971472078636
4986	0.011282894205560062
4997	0.03862935180159927
4998	0.025145235352371554
5021	0.02485509132143066
5027	0.04018973794326263
5092	0.09918403246867716
5177	0.024998933854169753
5227	0.020743909341271845
5303	0.030787342415036036
5350	0.02658838090400729
5370	0.013813429561050538
5498	0.025599772033953874
5567	0.03469647687985453
5604	0.017914802452188225
5613	0.0361672451426151
5767	0.04324231521052195
5787	0.007979892701769664
5792	0.03857416735211421
5827	0.050978157260365024
5830	0.016677414236835993
5853	0.039374032514122484
5854	0.04109145846058342
5916	0.03862935180159927
5950	0.05049385398881002
5957	0.1295839356818473
5974	0.09606349465965172
5999	0.014855887954551195
6024	0.04018973794326263
6039	0.04209949623622048
6042	0.011052350185248114
6052	0.014767655943878142
6058	0.018642210849597586
6063	0.012675519350424819
6065	0.04803174732982586
6145	0.009810588730539579
6153	0.028764225786249153
6163	0.016568388186209086
6181	0.020743909341271845
6192	0.016354416310524866
6235	0.013134431666958995
6248	0.04324231521052195
6261	0.022500639279814466
6264	0.01701308193486743
6278	0.05283095492618804
6310	0.13368480868561394
6329	0.012371637869930804
6382	0.10098770797762004
6395	0.011825511553785265
6421	0.014133408108521373
6486	0.02854191642404675
6620	0.03178337164680268
6639	0.014339645298424691
6675	0.05396399842343124
6680	0.022286667404130236
6696	0.03862935180159927
6717	0.03469647687985453
6759	0.02322077421062347
6772	0.014900347427177751
6788	0.2170034708556906
6794	0.09809130212398165
6809	0.019361830258022555
6848	0.0839392355700122
6913	0.01425655309977253
6933	0.01195091202778345
6962	0.017664903553060347
6989	0.07874806502824497
7021	0.06539420141598777
7128	0.022286667404130236
7141	0.03107748644597693
7154	0.020426825382881316
7183	0.030810561103030938
7198	0.014133408108521373
7208	0.02207791487865141
7237	0.004993096162380434
7285	0.014636990364063919
7349	0.022609665330441373
7374	0.028764225786249153
7442	0.04803174732982586
7453	0.009425875458547924
7454	0.013555417324773656
7476	0.01243824076819359
7503	0.02658838090400729
7551	0.12972694563156587
7606	0.04209949623622048
7624	0.01569379425018473
7662	0.0323477285566994
7713	0.03862935180159927
7718	0.02854191642404675
7802	0.029800694854355502
7877	0.04148781868254369
7888	0.04803174732982586
7911	0.027706284491762774
7919	0.02802005728593785
7970	0.028764225786249153
7975	0.08037947588652526
7983	0.05049385398881002
7989	0.0864846304210439
8000	0.05049385398881002
8017	0.05317676180801458
8033	0.0627556260466224
8047	0.03564839360695794
8057	0.02770555746058736
8066	0.037146936153061576
8076	0.03469647687985453
8131	0.014052284949158706
8134	0.02101278263353833
8137	0.059896249517036614
8189	0.03469647687985453
8190	0.013134431666958995
8291	0.06448414881901289
8357	0.05893610946070669
8414	0.03647560075699872
8441	0.016197376505727286
8482	0.023910685283035735
8504	0.05396399842343124
8588	0.04612198903686801
8594	0.021290377645758682
8692	0.029468054730353344
8713	0.03564839360695794
8736	0.03469647687985453
8743	0.01823780037849936
8744	0.026764849614388506
8803	0.024302742955404348
8838	0.02014755867145721
8851	0.031689062932356835
8859	0.07203769594440332
8876	0.04803174732982586
8908	0.03425748684965726
8930	0.019361830258022555
8958	0.021290377645758682
8970	0.01724440491478983
9004	0.029716142513352563
9020	0.039374032514122484
9045	0.03469647687985453
9069	0.029016579509618275
9109	0.024713626460392935
9136	0.04803174732982586
9203	0.024302742955404348
9237	0.014680324275549664
9243	0.012471737598562743
9278	0.021533721087798278
9309	0.005249015107545499
9310	0.041782516172124605
9311	0.10032534426155132
9341	0.04209949623622048
9405	0.029979930612161088
9416	0.02039806716702639
9484	0.0361672451426151
9499	0.04324231521052195
9517	0.03484418989871843
9539	0.01609426165314869
9594	0.039374032514122484
9595	0.017542638198917115
9633	0.02626886333391799
9679	0.044561602895204645
9772	0.020743909341271845
9782	0.045440196415215635
9828	0.039374032514122484
9835	0.018042542573339867
9889	0.02854191642404675
9972	0.01421530757785183
9991	0.032012060858667965
10075	0.019212984258766178
10217	0.059896249517036614
10248	0.017127961904487305
10250	0.05049385398881002
10253	0.044561602895204645
10279	0.01646073356884112
10285	0.03201630438725318
10367	0.04612198903686801
10383	0.07211815767687155
10385	0.015645028139700975
10441	0.0217740333981574
10466	0.023294705179767294
10495	0.02854191642404675
10543	0.02101278263353833
10586	0.03585273608335035
10598	0.03731006411691657
10608	0.059432285026705126
10653	0.02854191642404675
10671	0.05396399842343124
10692	0.007706312309120686
10718	0.018370491861798968
10728	0.01662272760198778
10762	0.023910685283035735
10765	0.03862935180159927
10786	0.04658941035953459
10924	0.013467198694149564
10943	0.03996907208552817
10944	0.016677414236835993
10998	0.020488891607694782
11043	0.03862935180159927
11056	0.02694503372714371
11064	0.013892309651540695
11090	0.02899246409169806
11115	0.0281139057785933
11119	0.026764849614388506
11132	0.04324231521052195
11148	0.025599772033953874
11163	0.04324231521052195
11226	0.032012060858667965
11262	0.030716253104306607
11292	0.07308030469997995
11351	0.05396399842343124
11384	0.025599772033953874
11423	0.19212698931930344
11458	0.054889682677965436
11485	0.031689062932356835
11591	0.010855596020397068
11664	0.01778894093044797
11715	0.0281139057785933
11738	0.3071972644074465
11739	0.19122038586290374
11755	0.029716142513352563
11788	0.10039471533983842
11810	0.04803174732982586
11878	0.02365894862799912
11890	0.022919942944157272
11891	0.04404097282664899
11909	0.04612198903686801
11936	0.04971018264286132
11958	0.03515920736697805
11972	0.037944311952273345
11982	0.04803174732982586
11985	0.016514391608142866
12020	0.016043166401479226
12086	0.0361672451426151
12115	0.04018973794326263
12129	0.010501779086227264
12132	0.03508527639783423
12138	0.02569824854636435
12150	0.03671959350864141
12157	0.020483226369488638
12184	0.024713626460392935
12218	0.016404859809821665
12245	0.03425748684965726
