361
26	0.08052559762953265
50	0.02779705732962638
69	0.018703287475854445
90	0.025683643401003257
113	0.035274397876578295
137	0.028418036435749538
159	0.02204741455444705
169	0.053705076144091146
186	0.03148061472286518
210	0.014303261195309636
220	0.0520033942511178
278	0.06009248487106484
326	0.021845370671976096
330	0.03620330906747603
353	0.0403214097510501
395	0.14429232354493413
441	0.01630264077221129
478	0.014904559623573406
490	0.023861813499853307
562	0.0716405073688121
636	0.04338398803816575
638	0.06009248487106484
663	0.03915448281512923
697	0.012512598184371292
711	0.02759965854806715
726	0.016146990549511894
755	0.023135764123549372
804	0.06490741589267186
812	0.023371024561277726
880	0.03683989624028225
881	0.02779705732962638
940	0.01701176796135119
956	0.02055033463103536
960	0.0453968612619281
1003	0.020464896425357072
1010	0.019056689982254783
1103	0.05414079821341456
1300	0.06009248487106484
1364	0.0362857382404637
1392	0.02759965854806715
1503	0.010863328728638757
1521	0.026675491205266657
1522	0.03357454465758111
1533	0.03483867580725488
1613	0.06009248487106484
1709	0.02204741455444705
1722	0.03483867580725488
1739	0.014904559623573406
1759	0.03950303186336772
1852	0.02779705732962638
1881	0.024794594589063447
1909	0.015175733807456751
1913	0.025528928065214895
2052	0.06009248487106484
2059	0.024364617326388897
2075	0.021081625856151757
2084	0.019500916737671212
2112	0.030606660791155014
2127	0.12018496974212968
2129	0.026675491205266657
2156	0.024794594589063447
2165	0.057270854009494394
2238	0.03245370794633593
2258	0.015408443682615952
2338	0.05559411465925276
2353	0.008393155581756325
2359	0.03950303186336772
2361	0.04930994826700946
2440	0.05168239541632032
2452	0.046273096408700386
2460	0.02005001046790862
2506	0.02616525385786476
2548	0.02145995000086264
2579	0.020296528897056895
2604	0.0867679760763315
2640	0.024249238710800876
2657	0.020296528897056895
2659	0.015794417373177008
2683	0.017479174165468205
2691	0.04338398803816575
2697	0.029087450781199658
2712	0.029813500157503593
2739	0.06051975679400588
2745	0.04329594378083373
2837	0.02081187166656495
2881	0.036861356535025716
2887	0.019969385755111275
2923	0.0230205077779178
2925	0.04076059997817093
2942	0.05414079821341456
3004	0.03806862717316533
3046	0.030069831694949582
3057	0.03576518681515388
3077	0.021173460622736878
3272	0.03245370794633593
3274	0.018430678267512858
3348	0.14014477141335246
3349	0.04493269955619851
3441	0.02584119770816016
3456	0.031792884365810445
3532	0.023135764123549372
3566	0.02616525385786476
3576	0.024382364925163144
3580	0.02194579835278942
3585	0.06873944618679965
3599	0.058174901562399316
3604	0.028418036435749538
3618	0.03436972309339983
3623	0.04338398803816575
3642	0.0910544028447405
3664	0.022906778051336542
3667	0.028858464708986828
3682	0.03395078786974762
3722	0.027217974874495617
3730	0.023861813499853307
3796	0.07113909882430992
3809	0.028635427004747197
3812	0.022359684197392305
4006	0.01393782439285959
4029	0.018819415525990067
4041	0.014994002815949852
4045	0.050659284702646704
4113	0.023861813499853307
4180	0.03743230138051546
4222	0.023252588630782594
4297	0.02679717282426232
4387	0.053149252482590975
4393	0.030069831694949582
4428	0.0194891971502326
4429	0.050659284702646704
4479	0.02081187166656495
4480	0.03088820958263197
4492	0.06873944618679965
4677	0.03471983147376194
4690	0.04349220806165458
4693	0.04470759804499643
4809	0.010752890308106592
4906	0.035200224690767806
4952	0.01393782439285959
4986	0.01131985983791174
5015	0.02279453503046862
5084	0.06009248487106484
5162	0.01778477470607748
5163	0.05414079821341456
5165	0.029087450781199658
5226	0.03743230138051546
5227	0.02081187166656495
5253	0.05414079821341456
5334	0.0230205077779178
5361	0.023491116991985563
5370	0.0415760576133658
5382	0.03743230138051546
5657	0.09637822311152855
5683	0.05905638429316033
5720	0.06009248487106484
5738	0.023252588630782594
5827	0.05114517467495037
5830	0.01673205368944663
5867	0.16237223117645516
6001	0.10131856940529341
6042	0.06653136298036372
6064	0.03436972309339983
6068	0.023989022772100712
6108	0.04010002093581724
6261	0.06772307129815937
6264	0.017068821120267516
6279	0.025376951198218974
6329	0.037236511510673885
6388	0.053705076144091146
6394	0.029369889737762334
6395	0.023728509877277603
6443	0.03683989624028225
6475	0.09635082154654513
6538	0.024249238710800876
6554	0.02279453503046862
6568	0.028635427004747197
6599	0.0412732630530629
6639	0.014386625625147404
6721	0.06009248487106484
6759	0.011648425687733619
6772	0.029898329513490016
6775	0.3427093861745581
6798	0.015943751029800838
6823	0.06009248487106484
6845	0.06009248487106484
6883	0.06009248487106484
6929	0.0331696615321459
7005	0.029087450781199658
7014	0.11908237572945833
7154	0.02049374886044467
7159	0.02703331251380204
7198	0.014179712749732877
7237	0.005009454815902521
7393	0.01735991573688097
7424	0.03743230138051546
7436	0.023989022772100712
7440	0.06872033415400963
7443	0.0403214097510501
7453	0.018913514049931336
7527	0.22694908797752206
7532	0.143177135023736
7547	0.018166458379649017
7568	0.03576518681515388
7596	0.027217974874495617
7611	0.050659284702646704
7617	0.046273096408700386
7650	0.06009248487106484
7793	0.02522761754159514
7802	0.029898329513490016
7804	0.024936522924981688
7806	0.02820601408751186
7839	0.03576518681515388
7877	0.02081187166656495
7919	0.05622371624662942
7951	0.019577241407564616
7984	0.048189111555764275
8057	0.013898163958255919
8059	0.018231755035203794
8121	0.07542193766455674
8131	0.07049161905129167
8136	0.013436000278846697
8190	0.013177463407158222
8218	0.030896269724804536
8258	0.051367286802006515
8291	0.017644204172330757
8293	0.027482658234508735
8296	0.023135764123549372
8304	0.02799910121209733
8319	0.01920222683632906
8341	0.02740669607186412
8343	0.04903517540265897
8354	0.035274397876578295
8364	0.030606660791155014
8414	0.01829755205315059
8480	0.05864542243785602
8539	0.024517587701329484
8583	0.038755911387346145
8602	0.0556977031310376
8687	0.048189111555764275
8690	0.06039419822214948
8694	0.02055033463103536
8730	0.02703331251380204
8731	0.046273096408700386
8795	0.039001833475342425
8803	0.024382364925163144
8804	0.016842848372818336
8877	0.041226084534228574
8881	0.03576518681515388
8905	0.02759965854806715
8911	0.008625521931747576
8918	0.024118145037299303
8943	0.030334051582813423
8945	0.059129199151602585
8947	0.03280422472969586
8950	0.025528928065214895
8970	0.034601803946264616
8996	0.046273096408700386
9069	0.02911164520736515
9088	0.03806862717316533
9201	0.1755082506390409
9248	0.06066810316562685
9278	0.018280537031596003
9309	0.02633106108325282
9310	0.006986567721112084
9534	0.11056092161223904
9535	0.06009248487106484
9546	0.02091262176418349
9549	0.029564599575801292
9551	0.04253257643369066
9588	0.0185659010436792
9598	0.025528928065214895
9606	0.0530040425773713
9607	0.0655361120159283
9608	0.07011307368383317
9624	0.18027745461319453
9625	0.01512993919850147
9633	0.013177463407158222
9728	0.12018496974212968
9835	0.018101654533738014
9840	0.02820601408751186
9875	0.02616525385786476
9955	0.0185659010436792
10033	0.029087450781199658
10081	0.042163251712303514
10106	0.018703287475854445
10132	0.018166458379649017
10148	0.02465497413350473
10181	0.045813556102673084
10194	0.03743230138051546
10242	0.04722582583630201
10248	0.017184077465899093
10285	0.005353532991163279
10306	0.09537865309743132
10330	0.017910126842203025
10351	0.035274397876578295
10383	0.024118145037299303
10400	0.12018496974212968
10418	0.24058806165379876
10425	0.03129527310808133
10429	0.030069831694949582
10441	0.021845370671976096
10473	0.02584119770816016
10495	0.057270854009494394
10586	0.03597019876949392
10595	0.020131399407383163
10605	0.07849576157359428
10681	0.04223742489811399
10692	0.030926240596471134
10717	0.01741933790362744
10816	0.019889511050509873
10849	0.0185659010436792
10882	0.05896275183834458
10923	0.016146990549511894
10924	0.13511320663802492
10943	0.02005001046790862
10948	0.06039419822214948
10998	0.02740802457333785
11029	0.021341967568171777
11048	0.02799910121209733
11138	0.031792884365810445
11140	0.08222008821559236
11193	0.03148061472286518
11230	0.02469173079100061
11262	0.030816887365231905
11282	0.0663393230642918
11384	0.051367286802006515
11458	0.02753475762255356
11517	0.06009248487106484
11573	0.028418036435749538
11591	0.03267348514550417
11664	0.035694444054670045
11673	0.041226084534228574
11730	0.05298367878150219
11772	0.04010002093581724
11812	0.02522761754159514
11821	0.020723804547616367
11835	0.046084183261935925
11836	0.024249238710800876
11862	0.022006809472071946
11869	0.02063663152653145
11890	0.022995034509225534
11891	0.01472842075328726
11918	0.028196647620516675
11945	0.03148061472286518
11946	0.04223742489811399
11954	0.028418036435749538
11967	0.01817477917794417
11969	0.0403214097510501
11985	0.016568496957140768
12020	0.016095727896796766
12058	0.016898786478317614
12075	0.04470759804499643
12109	0.07921953622024586
12117	0.06009248487106484
12129	0.010536185586693139
12145	0.02616525385786476
12156	0.053705076144091146
12179	0.02650202128868565
12255	0.0690615233337534
12256	0.11018314296724947
12293	0.03436972309339983
