292
54	0.05853780256465655
61	0.03437491964249695
69	0.040444521902165395
77	0.03753957656622891
85	0.01971243335665319
110	0.02060436477718388
201	0.020761721297789637
207	0.03546839525608928
210	0.015464889833750075
220	0.02811340547071646
276	0.038139181663831845
319	0.025269084805676932
411	0.12994570198746802
481	0.015971824373479795
486	0.04566770570650164
532	0.016457998929747798
540	0.038139181663831845
657	0.04359608282522082
660	0.011836160328331369
664	0.025799732800078617
726	0.01745835628567638
987	0.06497285099373401
1039	0.030961031748201993
1154	0.02650876521185965
1217	0.06497285099373401
1326	0.02007371678278219
1393	0.01729306148972034
1396	0.033711508022550185
1503	0.011745585829845693
1533	0.05650210912979842
1602	0.01660895855596658
1618	0.029228802729574677
1684	0.034037289254529444
1722	0.018834036376599472
1737	0.050031131254298276
1909	0.016408219655220706
1951	0.013384301415841515
2060	0.03866982965823353
2078	0.023301192751669322
2084	0.04216933815123407
2086	0.026218622459178616
2092	0.03309235780923762
2156	0.026808269006378938
2162	0.029428462305497324
2173	0.16933753917099625
2246	0.014486742566061587
2343	0.03627619256164373
2353	0.009074799422103135
2357	0.05968228826513255
2377	0.05853780256465655
2435	0.047898327031476264
2444	0.02044963098770836
2548	0.007734267919028963
2647	0.029033346827011825
2652	0.024407716592928227
2683	0.03779746439120305
2686	0.02044963098770836
2692	0.0483384921142442
2714	0.04359608282522082
2739	0.016358705871419757
2758	0.0823206843972287
2781	0.029428462305497324
2797	0.03923265727742418
2805	0.020841411164395272
2811	0.026362560419269272
2825	0.021855196911381977
2971	0.024890101064450193
3064	0.022893047358825257
3077	0.022893047358825257
3290	0.025141030189848094
3321	0.016508046557455434
3348	0.09324709168775695
3391	0.021250455846478812
3427	0.012760527214159656
3456	0.03437491964249695
3468	0.02593727327803498
3543	0.02847051920782118
3545	0.02650876521185965
3585	0.03716103439614337
3624	0.025398930453141788
3634	0.036708075662272
3679	0.04190344368516675
3686	0.06497285099373401
3706	0.021334472822207993
3719	0.03923265727742418
3730	0.025799732800078617
3796	0.019229151855084965
3801	0.02068270965103721
3850	0.03923265727742418
3861	0.030725985967065907
3865	0.04566770570650164
4029	0.03052173038066739
4041	0.016211729517436328
4080	0.03983182080388592
4140	0.038139181663831845
4267	0.02319746192439611
4275	0.021766355922836274
4297	0.014486742566061587
4300	0.1042055082711582
4331	0.06497285099373401
4428	0.010535998845333903
4481	0.1160094889747006
4616	0.06502386108061767
4636	0.07255238512328746
4654	0.0175702108008731
4831	0.03983182080388592
4952	0.015069774355264574
5102	0.032797608848346725
5164	0.030961031748201993
5165	0.03144976629689117
5233	0.05845760545914935
5320	0.023094877317564697
5361	0.025398930453141788
5370	0.059936834631176494
5636	0.19491855298120203
5670	0.03049674438271563
5683	0.03192630214194875
5684	0.022035470778743727
5787	0.008656241144290559
5792	0.020921790995139047
5827	0.02764944585278858
5860	0.1169152109182987
5867	0.02194489628025805
5996	0.017855889108910995
6021	0.0483384921142442
6040	0.03362826806548914
6042	0.023978219254360503
6043	0.06446956245831215
6044	0.0521027541355791
6058	0.020222260951082698
6063	0.027499706130651568
6072	0.03170413323475439
6115	0.03437491964249695
6149	0.19491855298120203
6214	0.022219314656707623
6235	0.028495322443919505
6264	0.018455052635372733
6281	0.03472529376953689
6383	0.02037322057730148
6421	0.015331307493758814
6441	0.03437491964249695
6495	0.04359608282522082
6568	0.030961031748201993
6610	0.025799732800078617
6620	0.017238610820689244
6639	0.07777512321639947
6640	0.0521027541355791
6775	0.33153782243227786
6798	0.017238610820689244
6806	0.030961031748201993
6816	0.0445742300929093
6833	0.06497285099373401
6904	0.021334472822207993
6929	0.035863510734574784
6933	0.0388914915047997
6985	0.03763723172151396
7014	0.01839336594691334
7154	0.011079066657583226
7159	0.029228802729574677
7237	0.021665175737820026
7295	0.05853780256465655
7322	0.03866982965823353
7417	0.054773540543321654
7439	0.042334384792749064
7440	0.024767134863359044
7454	0.014704328185855564
7518	0.012827801511849713
7523	0.035863510734574784
7527	0.016358705871419757
7624	0.017023946633812886
7802	0.3879179992525659
7805	0.03309235780923762
7919	0.015197470806225554
7922	0.09000836890627839
7947	0.08719216565044163
7951	0.021167192396374532
7953	0.02696172394573101
8057	0.01502689292818796
8059	0.01971243335665319
8134	0.022793754300497217
8136	0.04358158491576815
8143	0.026362560419269272
8166	0.06838126290149166
8218	0.04454064948718257
8258	0.02776952125128545
8279	0.019927511990191812
8291	0.025436219987720228
8293	0.014857320863113874
8304	0.030273027233194544
8399	0.03437491964249695
8411	0.023094877317564697
8441	0.0175702108008731
8539	0.0530175304237193
8554	0.022035470778743727
8620	0.030961031748201993
8631	0.03049674438271563
8649	0.03866982965823353
8686	0.025014717867813705
8689	0.032797608848346725
8690	0.021766355922836274
8694	0.022219314656707623
8778	0.08135327424034401
8795	0.021084669075617034
8842	0.018271208757408827
8859	0.02232667569705004
8862	0.030961031748201993
8911	0.009326037231062654
8918	0.026076882111231377
8941	0.02383797880411709
8948	0.05853780256465655
8970	0.018705981760770634
9018	0.03983182080388592
9067	0.035863510734574784
9087	0.0274379212711016
9096	0.09149023314814687
9153	0.02711775808011467
9235	0.06340826646950878
9243	0.01352879946838545
9278	0.009882588573161436
9310	0.05287783607763837
9405	0.08130231776500382
9416	0.022126937651186583
9533	0.05853780256465655
9539	0.01745835628567638
9546	0.011305512333929683
9572	0.06099348876543126
9588	0.04014743356556438
9601	0.05845760545914935
9602	0.026076882111231377
9606	0.11461745234314034
9607	0.21257573471237204
9608	0.050538169611353864
9625	0.016358705871419757
9640	0.018963882024064332
9672	0.04271124099072118
9794	0.03716103439614337
9836	0.03223478122915607
9888	0.029228802729574677
9891	0.02406169595363817
9949	0.03339677237480847
9955	0.02007371678278219
10033	0.3459474292658028
10051	0.0445742300929093
10117	0.05853780256465655
10148	0.053314618760320315
10176	0.035863510734574784
10246	0.028841921231634707
10285	0.0057883161608512
10528	0.030961031748201993
10538	0.045196596795868745
10586	0.012963830501599901
10613	0.022126937651186583
10620	0.018963882024064332
10625	0.04116034219861435
10653	0.030961031748201993
10661	0.03716103439614337
10718	0.019927511990191812
10762	0.02593727327803498
10813	0.01729306148972034
10878	0.0966769842284884
10923	0.01745835628567638
10950	0.029428462305497324
10980	0.04271124099072118
11029	0.01153761973477331
11041	0.012760527214159656
11086	0.024890101064450193
11140	0.02963251035347357
11185	0.06679354474961693
11204	0.02593727327803498
11275	0.030273027233194544
11401	0.05853780256465655
11458	0.0099236574423423
11478	0.0483384921142442
11569	0.05968228826513255
11586	0.022993413876419865
11772	0.021678357041639007
11773	0.032511930540308834
11821	0.022406872802557244
11835	0.03321791711193316
11862	0.011897038005204126
11891	0.06369831362637712
11967	0.019650830247846616
12041	0.01971243335665319
12058	0.018271208757408827
12086	0.03923265727742418
12109	0.034261316593410765
12138	0.02787634429644804
12218	0.017795279680966794
12255	0.09956040425780077
12256	0.0397105281156351
12270	0.0483384921142442
12293	0.1114831031884301
