259
85	0.025301655342713007
186	0.04368815082018615
201	0.026648456184676983
210	0.03969954448617134
313	0.03059694928861237
378	0.0833951168145389
471	0.032940973774659446
557	0.0251211045377222
614	0.020500441938373654
627	0.03178955630699443
673	0.0483088134195347
697	0.017364726878543218
708	0.0833951168145389
717	0.051947779376456275
771	0.039739657716250765
940	0.04721716465553685
960	0.031500416034342164
991	0.0833951168145389
1010	0.026446483126442058
1037	0.03178955630699443
1039	0.039739657716250765
1134	0.057212713751391336
1214	0.14060783056593024
1287	0.054551531003317416
1326	0.02576537631330872
1341	0.02964315036601205
1454	0.06020740793272641
1462	0.062044286726695
1565	0.07002073941019099
1612	0.022266601681110183
1614	0.04552502961415473
1631	0.10071320517891676
1678	0.024091734663228063
1716	0.02863909356563092
1729	0.06687585970199864
1739	0.02068424185726535
1841	0.03421566693962921
1874	0.040049184863264566
2059	0.016906357861847354
2065	0.025671177204907747
2078	0.029907964045335696
2246	0.018594283151825534
2267	0.07815757726175795
2385	0.042096974033188246
2408	0.03677896106199365
2435	0.030739659080037743
2436	0.02793794280301507
2548	0.01985445202780358
2558	0.08073393406646498
2579	0.05633421223740221
2590	0.05112565168482756
2592	0.04326999826136562
2603	0.042096974033188246
2652	0.031328229334429414
2780	0.15849257774347364
2789	0.034606394572287306
2837	0.028882288234316142
2880	0.015075904587127322
2891	0.037019699050913915
3080	0.042096974033188246
3098	0.03935662849348988
3179	0.033652595649686985
3250	0.05035660258945838
3321	0.02118870343509493
3337	0.03210733847696235
3427	0.03275724064325192
3438	0.037772546749963096
3528	0.24364742728093594
3529	0.13106445246055845
3567	0.03402500486957885
3581	0.03803445015325378
3615	0.057212713751391336
3651	0.0265470417414157
3741	0.04963419200825456
3761	0.06421685321640135
3784	0.1353148594885081
3796	0.07404403565516794
3859	0.029384093964325564
3861	0.03943796754759095
3973	0.038856577844882494
4092	0.057212713751391336
4121	0.026446483126442058
4173	0.16134732564855675
4241	0.14890257602476367
4297	0.018594283151825534
4316	0.026648456184676983
4333	0.0917908478658371
4334	0.06020740793272641
4387	0.07375944144931403
4393	0.0417302950972047
4406	0.03210733847696235
4408	0.039814955124861946
4529	0.08298457578137734
4560	0.0834605901944094
4578	0.11033688318598096
4694	0.05482149662877848
4739	0.05861623114572851
4743	0.037019699050913915
4749	0.09007717923652757
4753	0.019907477562430973
4772	0.030739659080037743
4809	0.05969056165758667
4849	0.07128646606128183
4852	0.019792345022744018
4887	0.0265470417414157
4911	0.024855306339444157
4952	0.03868525310201433
4982	0.015956018403680595
5015	0.031633787746965986
5031	0.02793794280301507
5169	0.04895308519512122
5267	0.07030391528296512
5277	0.022552031499067145
5299	0.03914372728549309
5317	0.02595603838335908
5351	0.04326999826136562
5383	0.02634676601601717
5407	0.01629289243275179
5683	0.02731907923450315
5787	0.011110613592630375
5792	0.026853911708095667
5994	0.051947779376456275
6000	0.06921278914457461
6019	0.0251211045377222
6040	0.021581578310782105
6063	0.017648457548463968
6133	0.025031844755882195
6181	0.08664686470294843
6197	0.019232799735241397
6235	0.054862239555436704
6242	0.038139868883080394
6265	0.025211037984664442
6329	0.017225355404875405
6381	0.046561868072508346
6395	0.016464969432503355
6436	0.22060756109908783
6453	0.05378465817042487
6509	0.05378465817042487
6538	0.033652595649686985
6565	0.07513548825826877
6567	0.041374563451984425
6648	0.0385751732281737
6694	0.041374563451984425
6753	0.02468134521838931
6785	0.040049184863264566
6800	0.0833951168145389
6933	0.0166395677965412
7028	0.15027097651653754
7128	0.03103031068824378
7154	0.07110200983748743
7157	0.04769759610386109
7179	0.16735333270467287
7186	0.026853911708095667
7208	0.030739659080037743
7237	0.041712111301009255
7345	0.07030391528296512
7349	0.03148002915998063
7364	0.06553903155663743
7393	0.024091734663228063
7424	0.10389555875291255
7453	0.03937167976041536
7454	0.009436781270818817
7476	0.03463617672875571
7499	0.07513548825826877
7624	0.02185088073645128
7817	0.05595722466013121
7878	0.04711620640115263
7919	0.019506529785693914
7970	0.08009836972652913
8001	0.03421566693962921
8004	0.04552502961415473
8064	0.05265938411632807
8131	0.21521900782189118
8166	0.029256647560612442
8188	0.02716889370764589
8190	0.018287413185145568
8191	0.029384093964325564
8240	0.04769759610386109
8279	0.02557771692064799
8296	0.09632201543088706
8331	0.19472689068934332
8336	0.035010369705095495
8364	0.08495059099179869
8390	0.057212713751391336
8421	0.05378465817042487
8441	0.022552031499067145
8443	0.04412151221981756
8483	0.042096974033188246
8620	0.039739657716250765
8628	0.037772546749963096
8690	0.02793794280301507
8753	0.030739659080037743
8800	0.042096974033188246
8911	0.011970322256233068
8964	0.0833951168145389
9069	0.020200271780578545
9074	0.05378465817042487
9095	0.09206435061246646
9118	0.03564323303064092
9201	0.027062971897701623
9233	0.0833951168145389
9278	0.010378372089198758
9309	0.05846672959788936
9449	0.07513548825826877
9517	0.04851447812412825
9546	0.014511053575703524
9551	0.029512918193692964
9596	0.029130549821397133
9627	0.020082289379553128
9640	0.09736344534467166
9724	0.06687585970199864
9725	0.0833951168145389
9757	0.038576185492719316
9764	0.04711620640115263
9782	0.09490136324089794
9790	0.025671177204907747
9833	0.045038589618263784
9986	0.09423241280230527
10081	0.029256647560612442
10191	0.06961334059537166
10246	0.037019699050913915
10285	0.029718092711691072
10306	0.04412151221981756
10376	0.05283085924782455
10391	0.06658294662430465
10480	0.03943796754759095
10518	0.044571230691554414
10625	0.05283085924782455
10692	0.042918801788792524
10718	0.05115543384129598
10816	0.027602255107277297
10877	0.2300805639571502
10882	0.027275765501658708
10923	0.02240846198936587
10944	0.046440801207421
10998	0.028527220365243817
11011	0.03480667029768583
11062	0.11220789431605661
11064	0.03868525310201433
11112	0.037516276116882574
11251	0.06421685321640135
11292	0.011305735791174519
11299	0.042475295495899346
11493	0.05861623114572851
11639	0.05861623114572851
11664	0.024768008328796574
11890	0.03191203680736119
11906	0.02749242829151153
11918	0.01956536434744465
11919	0.03564323303064092
11952	0.06389477617338
11961	0.06020740793272641
11967	0.0378338781265706
12007	0.04603217530623323
12051	0.04851447812412825
12138	0.017890172228926735
12145	0.03631160213528428
12152	0.034606394572287306
12218	0.03806819322850035
