284
61	0.09966505874038702
85	0.019051107113745445
150	0.02520203697357878
199	0.11299285918340904
220	0.02717023764973225
345	0.04671679920604982
367	0.020314152850343735
400	0.050354775181676935
413	0.028059316182050133
421	0.040497638198049926
433	0.04307882323042268
435	0.03547656794717248
459	0.04671679920604982
513	0.045333704930799495
534	0.03505917395720579
663	0.020457060898799923
691	0.03466033706329522
692	0.2197920618578071
726	0.016872651367320655
763	0.0391145439227996
774	0.059844659613065024
858	0.050354775181676935
917	0.16512208835943304
960	0.011859259638730194
1003	0.021384607961129606
1010	0.019913115406846923
1095	0.272002229584797
1102	0.02070066915006798
1223	0.02824821479585226
1287	0.061612592908609
1313	0.04671679920604982
1341	0.0669602235698469
1342	0.027874312663922263
1559	0.06284239596315734
1585	0.032580531215174804
1602	0.0160517498155895
1614	0.034278477190050026
1662	0.04671679920604982
1714	0.16102734176461633
1718	0.052935960214049706
1840	0.052935960214049706
1928	0.041278334965205686
1999	0.045333704930799495
2065	0.019329341896497324
2137	0.052935960214049706
2238	0.033912207855470805
2246	0.014000731384192368
2336	0.027002525238795778
2353	0.008770351823048332
2362	0.03114876887316937
2453	0.02824821479585226
2536	0.0391145439227996
2564	0.052935960214049706
2582	0.04671679920604982
2605	0.026837890294102724
2608	0.11536005179682361
2610	0.026207992921103967
2676	0.027002525238795778
2683	0.07305881823075398
2686	0.05929071819820395
2718	0.045333704930799495
2730	0.02405507087184379
2763	0.016200056543319942
2805	0.02014220919917502
2832	0.040497638198049926
3084	0.2584729393825361
3093	0.03791645316567715
3162	0.056573936189676835
3165	0.028059316182050133
3185	0.05468228954831948
3258	0.016150348090720478
3344	0.045333704930799495
3425	0.038495515542946744
3427	0.012332428289619016
3523	0.05649642959170452
3567	0.02561943096354546
3740	0.014689692719366525
3772	0.02393623002525865
3801	0.03997766382620815
3809	0.029922329806532512
3826	0.040497638198049926
3868	0.015299699124859683
3869	0.04835265252657377
3873	0.02904628301614933
3878	0.026207992921103967
3995	0.028638378559319732
4006	0.01456420322279599
4029	0.009832588807589613
4039	0.038495515542946744
4060	0.021934107370155474
4084	0.026517415057631416
4134	0.049348198503393274
4222	0.04859516330945997
4230	0.04413561417367704
4237	0.21213932046105133
4275	0.021036123276069518
4327	0.02561943096354546
4406	0.02417550694516345
4408	0.029979025662096453
4423	0.018847950825332218
4451	0.02520203697357878
4648	0.038495515542946744
4674	0.04671679920604982
4690	0.022723394231547792
4784	0.025339022119056573
4809	0.01123613522924915
4819	0.040497638198049926
4821	0.052935960214049706
4844	0.04671679920604982
4887	0.019988831913104074
4982	0.03604267921604112
4995	0.03791645316567715
5048	0.056573936189676835
5127	0.03908766132428389
5162	0.01858403907166831
5293	0.02561943096354546
5459	0.041278334965205686
5516	0.056573936189676835
5538	0.02667622190679981
5549	0.04413561417367704
5553	0.028840012949205903
5585	0.041278334965205686
5617	0.0391145439227996
5645	0.03737250767372416
5683	0.010285072215548002
5738	0.04859516330945997
5755	0.02561943096354546
5790	0.03591433051057398
5870	0.07011834791441159
5999	0.015574384436584685
6040	0.016250041924660445
6052	0.01548188513542955
6063	0.026577127116310204
6066	0.029922329806532512
6161	0.058947237344448546
6166	0.050354775181676935
6180	0.056573936189676835
6181	0.021747176593348787
6200	0.022620851941206006
6210	0.08827122834735408
6252	0.050354775181676935
6257	0.04671679920604982
6261	0.02358886976563329
6294	0.03591433051057398
6329	0.01296998502452242
6478	0.039779466790159534
6488	0.056573936189676835
6519	0.08827122834735408
6544	0.2960891910203597
6610	0.024934185657724366
6631	0.03289538291479971
6648	0.0145227604112645
6809	0.06089476214889457
6848	0.01759978169032856
6904	0.04123745857220566
6913	0.014946063096041191
6918	0.031697292157677255
6964	0.04413561417367704
7013	0.03791645316567715
7113	0.052935960214049706
7198	0.014816962268069623
7231	0.07009364778950596
7237	0.00523458438833506
7454	0.007105508646142155
7470	0.03791645316567715
7476	0.026079618267355158
7518	0.0991795649839981
7596	0.02844117605529533
7790	0.028059316182050133
7821	0.02325445766422438
7845	0.026837890294102724
7970	0.030155391033258542
8041	0.04671679920604982
8047	0.03737250767372416
8058	0.04213349151857387
8059	0.03810221422749089
8078	0.054005050477591555
8121	0.0788114698995922
8212	0.033912207855470805
8218	0.021523184604951638
8347	0.021564060997951655
8451	0.019400269955545564
8482	0.02506711183333211
8501	0.050354775181676935
8515	0.050354775181676935
8526	0.030640501214422904
8528	0.02393623002525865
8539	0.02561943096354546
8560	0.032580531215174804
8580	0.06644337249359135
8631	0.058947237344448546
8675	0.016819084923172797
8690	0.042072246552139037
8743	0.019119861111056676
8859	0.010788822528975027
8880	0.056573936189676835
8938	0.021564060997951655
8970	0.018078420646730087
8987	0.022029053787852367
8990	0.038495515542946744
9067	0.03466033706329522
9084	0.04671679920604982
9170	0.033560305782159634
9201	0.1222638367622581
9221	0.045333704930799495
9243	0.01307492601899418
9262	0.017541708007038772
9278	0.013892422849862677
9304	0.22806371850622364
9310	0.018251376479573093
9353	0.03227635453494685
9359	0.041278334965205686
9370	0.04213349151857387
9376	0.056573936189676835
9402	0.038495515542946744
9474	0.03039466795316335
9477	0.04413561417367704
9534	0.09902539934128737
9550	0.10363554719686609
9569	0.1291054181397874
9579	0.08099527639609985
9625	0.07904946389926237
9627	0.07560569474148789
9633	0.13769670905104178
9698	0.0391145439227996
9772	0.021747176593348787
9782	0.14291365618997073
9787	0.032580531215174804
9790	0.019329341896497324
9835	0.018915159774381202
9893	0.062306693331448525
9918	0.026361370207174918
9941	0.041278334965205686
9961	0.13240684252103113
10040	0.040497638198049926
10120	0.07182866102114796
10143	0.045333704930799495
10149	0.026837890294102724
10200	0.045333704930799495
10207	0.04835265252657377
10240	0.039779466790159534
10466	0.04884268041284602
10478	0.039779466790159534
10486	0.03142119798157867
10613	0.021384607961129606
10692	0.008079023674506174
10749	0.033560305782159634
10841	0.08976698941959753
10873	0.04307882323042268
10882	0.04107506193907266
10893	0.020065192822905493
10984	0.04213349151857387
10997	0.038495515542946744
10998	0.01431988338244448
11018	0.027693046847470912
11029	0.011150547749633503
11090	0.03039466795316335
11093	0.03142119798157867
11100	0.08254611207029142
11162	0.029922329806532512
11275	0.029257406939172583
11292	0.025538263877197712
11310	0.034278477190050026
11326	0.04671679920604982
11604	0.029922329806532512
11642	0.04307882323042268
11730	0.073819752974787
11771	0.03198215267814174
11782	0.045333704930799495
11815	0.045333704930799495
11828	0.0758329063313543
11862	0.01149790800925886
11906	0.02070066915006798
11945	0.03289538291479971
11967	0.009495785354155685
11985	0.017313100666105235
12006	0.052935960214049706
12058	0.07063293482588048
12066	0.02282712200814944
12108	0.04190215328346472
12109	0.0331118944307661
12218	0.051594814275945214
12256	0.019189146032522315
12257	0.038495515542946744
