297
86	0.06860537416384326
230	0.021063681417519402
313	0.027937732260445897
330	0.022937799649286033
373	0.0333669959806582
383	0.05352182521266131
389	0.04911016995554463
461	0.040697492349103706
481	0.018718724298054826
484	0.06419371890672658
561	0.06860537416384326
562	0.022695102286592928
579	0.03929056436531575
697	0.015855537940479114
726	0.0613827482134257
832	0.060156069615562816
913	0.06419371890672658
926	0.03746325290415642
938	0.042404576281610144
973	0.038783717358691516
1009	0.07614714863943424
1086	0.031967577091884095
1123	0.028068038975215988
1164	0.07668857305707076
1208	0.047432936468744524
1234	0.23454276239702057
1252	0.04532042571336586
1277	0.05665194443113561
1309	0.04911016995554463
1326	0.07057823100998764
1341	0.027066829129595956
1353	0.024425802616293117
1375	0.04823926682469469
1430	0.055617935346373534
1448	0.054374113316497705
1503	0.013765639899790573
1515	0.016698032489562482
1554	0.06298510387285915
1565	0.031967577091884095
1572	0.07614714863943424
1614	0.04156839547995365
1671	0.051093916123664165
1673	0.10704365042532261
1682	0.027808967673186767
1860	0.06419371890672658
1875	0.0175612543771457
1899	0.03425569221544964
2025	0.04203146454048907
2028	0.027681709139032055
2054	0.05863569059925514
2307	0.04823926682469469
2356	0.09336452173309497
2376	0.0549747109443355
2430	0.022937799649286033
2453	0.03425569221544964
2548	0.018128878134170343
2605	0.065090875035528
2638	0.07166543941814478
2801	0.05665194443113561
2802	0.036285837091987024
2852	0.0411840155701127
2929	0.11238975871246924
3035	0.040697492349103706
3070	0.03315571787351273
3109	0.032545437517764
3121	0.03448969006489809
3176	0.14471780047408406
3216	0.042515121082352114
3233	0.05005689555794309
3265	0.039509351567475065
3267	0.04981039296408933
3276	0.04668226086654748
3337	0.02931685173916134
3350	0.03547950673603687
3391	0.024905196482044666
3478	0.061063599688252285
3568	0.04156839547995365
3586	0.051093916123664165
3718	0.024520006500309978
3756	0.05352182521266131
3846	0.06860537416384326
3863	0.035741699679354304
3872	0.0297671427822147
3878	0.03178158144074444
3926	0.05665194443113561
3957	0.03380227324923678
4011	0.1885131909934085
4121	0.024147988018267126
4161	0.0549747109443355
4269	0.07614714863943424
4359	0.024520006500309978
4391	0.03685862621475232
4406	0.08795055521748403
4529	0.03788614410636145
4532	0.04532042571336586
4548	0.06860537416384326
4551	0.04203146454048907
4654	0.02059200778505635
4724	0.042515121082352114
4770	0.05005689555794309
4772	0.028068038975215988
4776	0.035223483614623026
4804	0.08139498469820741
4809	0.027251392194939373
4859	0.08822047468876953
4921	0.053540174982837176
4952	0.035323072029076655
4969	0.027431572131170163
4982	0.04370778595276672
4986	0.014344140561078331
4990	0.07614714863943424
5035	0.061063599688252285
5036	0.05005689555794309
5138	0.05665194443113561
5292	0.020995034624286382
5452	0.03777865123777488
5623	0.04598005073707033
5683	0.012472372883585454
5783	0.05665194443113561
5787	0.030434931097758716
5912	0.03810346582523543
5963	0.07095901347207374
5984	0.049040013000619956
5996	0.02092681822130027
5999	0.018886549948744745
6063	0.016114609242508335
6066	0.036285837091987024
6127	0.07614714863943424
6133	0.02285629754059051
6153	0.03656846286879379
6163	0.042127362835038804
6197	0.0351225087542914
6214	0.052081367215788196
6235	0.033396064979124965
6242	0.05223763169587893
6264	0.021629028350777423
6420	0.06860537416384326
6466	0.07614714863943424
6492	0.03810346582523543
6604	0.06419371890672658
6614	0.04469851469842794
6648	0.017611279663592782
6657	0.06860537416384326
6714	0.022937799649286033
6753	0.06760878099657129
6812	0.0549747109443355
6955	0.05352182521266131
6958	0.05352182521266131
6962	0.02245770056393185
6996	0.07371725242950464
6999	0.04302128121162785
7006	0.05863569059925514
7057	0.04532042571336586
7078	0.06860537416384326
7154	0.012984490024034043
7183	0.03917000471472831
7186	0.024520006500309978
7208	0.028068038975215988
7209	0.06549016993144056
7244	0.07555730247554976
7285	0.0186082616169368
7393	0.021997893527295975
7452	0.02335472731029741
7476	0.0474388585041193
7518	0.04510193843275473
7598	0.061063599688252285
7624	0.01995179486397732
7690	0.04028685944131126
7903	0.061063599688252285
7904	0.06860537416384326
7919	0.07124477690146147
8001	0.03124194288310054
8014	0.051093916123664165
8047	0.04532042571336586
8057	0.017611279663592782
8073	0.039509351567475065
8074	0.10011379111588618
8158	0.04028685944131126
8369	0.0333669959806582
8422	0.026260498773645793
8445	0.07614714863943424
8451	0.04705215400665842
8472	0.07614714863943424
8500	0.05461725507808137
8511	0.038783717358691516
8528	0.029026688393202812
8585	0.05005689555794309
8672	0.04411023734438477
8743	0.02318603430892462
8744	0.03402662100436267
8753	0.028068038975215988
8812	0.047432936468744524
8859	0.026166509040701825
8877	0.05224028917401891
8890	0.10704365042532261
8911	0.010929967400062414
8930	0.04923006627217225
8931	0.03380227324923678
8938	0.02615003609252778
8961	0.05352182521266131
8965	0.07614714863943424
8966	0.0321568076116771
8997	0.033488468350541103
9015	0.04469851469842794
9109	0.03141886516556808
9170	0.040697492349103706
9181	0.1372107483276865
9217	0.06248388576620108
9239	0.05352182521266131
9240	0.07756743471738303
9264	0.06860537416384326
9278	0.006317583669149938
9290	0.08503024216470423
9310	0.017706280972753126
9342	0.10276707664634893
9343	0.0831367909599073
9357	0.08839466331866026
9381	0.04302128121162785
9410	0.029921478428565434
9419	0.04156839547995365
9490	0.06860537416384326
9517	0.022149013743203542
9574	0.047432936468744524
9590	0.06469877503512515
9618	0.05352182521266131
9627	0.018336913872376334
9633	0.016698032489562482
9641	0.04598005073707033
9683	0.05863569059925514
9689	0.036285837091987024
9717	0.06419371890672658
9730	0.06860537416384326
9757	0.035223483614623026
9781	0.03425569221544964
9785	0.04598005073707033
9811	0.04028685944131126
9835	0.022937799649286033
9889	0.036285837091987024
9925	0.07614714863943424
9958	0.06860537416384326
9966	0.040697492349103706
9980	0.04112423255907606
9984	0.037156740222836965
10002	0.07614714863943424
10008	0.05352182521266131
10156	0.0321568076116771
10193	0.03810346582523543
10222	0.06419371890672658
10285	0.006783814536857602
10292	0.023966642476451947
10383	0.06112338269928893
10425	0.019828151708036784
10509	0.07614714863943424
10585	0.032545437517764
10614	0.026947915589307116
10638	0.04598005073707033
10692	0.009797169498861592
10795	0.05005689555794309
10813	0.02026719319759579
10994	0.06860537416384326
10998	0.00868262864140669
11029	0.013521906941928424
11041	0.014955135069998233
11045	0.028468592696891247
11055	0.035741699679354304
11064	0.017661536014538327
11081	0.07614714863943424
11105	0.049040013000619956
11119	0.03402662100436267
11209	0.030896501785888385
11217	0.06112338269928893
11219	0.05863569059925514
11220	0.037156740222836965
11230	0.015644259833333642
11238	0.06197445218451706
11292	0.010323140930221115
11310	0.04156839547995365
11458	0.011630368788676715
11587	0.061063599688252285
11637	0.3807357431971712
11703	0.07614714863943424
11781	0.04112423255907606
11831	0.039891161993153554
11869	0.02615003609252778
11878	0.060156069615562816
11882	0.029464887772886753
11922	0.02615003609252778
11925	0.06419371890672658
11927	0.14769019881651677
11965	0.059484455124110346
11968	0.030727808784515597
11991	0.02361277451889696
12041	0.02310265857040463
12084	0.04411023734438477
12129	0.04005328578194158
12218	0.02085578493511951
12221	0.0549747109443355
