442
103	0.03521438211826214
117	0.023885445548102558
152	0.03325886137243152
207	0.03213566550799325
276	0.034555495839273184
306	0.049626834393825585
335	0.028051829039876377
395	0.028270321173684592
473	0.05886778331976721
480	0.020562965319484112
538	0.0268481399850727
562	0.08772556738488484
614	0.02894211603951505
655	0.03729277796581801
663	0.019178251783930043
675	0.03554622480532411
697	0.02451517590811283
698	0.06228987308388465
804	0.031792292354144706
873	0.014821586830527322
880	0.036089088911014325
888	0.04379644476521481
912	0.036669420669762365
938	0.016391049782654824
956	0.040263026193846294
960	0.011117915151531335
994	0.08275322886786976
1003	0.02004781614563397
1010	0.018668309341415227
1086	0.024713471681176383
1091	0.036089088911014325
1131	0.04137661443393488
1133	0.05303739369115644
1186	0.012126667424678616
1205	0.03146238833720723
1213	0.025471775307974412
1245	0.03869794908957613
1287	0.03850738304026211
1332	0.050017282825081624
1334	0.1100082620092871
1336	0.05303739369115644
1348	0.05886778331976721
1364	0.07109244961064821
1393	0.06267258900554906
1491	0.03949964820834518
1565	0.024713471681176383
1628	0.05886778331976721
1657	0.05886778331976721
1682	0.042997073759996084
1684	0.030839031041151592
1690	0.025008641412540812
1717	0.04533003783695596
1736	0.042499810298373145
1739	0.014600800554006494
1794	0.01442825144287486
1799	0.08275322886786976
1803	0.029982888533585803
1804	0.07739589817915225
1909	0.059465792530472836
1913	0.025008641412540812
1978	0.02971583517671333
1979	0.02896206481556189
2020	0.0268481399850727
2057	0.06733851715946883
2059	0.023868059650326318
2065	0.018121028604379828
2078	0.02111173428621265
2084	0.019103482632032296
2086	0.0475100649660135
2097	0.03949964820834518
2162	0.026663264978183353
2165	0.056103658079752754
2199	0.04038588546788395
2222	0.019882879994377687
2246	0.013125519495372096
2258	0.030188830631626324
2353	0.008222100737156134
2361	0.04830499780995005
2362	0.014600800554006494
2372	0.023375503105587746
2386	0.03949964820834518
2435	0.04339763907451472
2438	0.02783886895112363
2444	0.03705622971877007
2528	0.049626834393825585
2548	0.02102259025258102
2659	0.015472522755234752
2696	0.042499810298373145
2718	0.042499810298373145
2721	0.028725106210662404
2730	0.022551343428203075
2738	0.02169881953725736
2739	0.014821586830527322
2805	0.018883082052565607
2815	0.09925366878765117
2837	0.02038771993494431
2872	0.05886778331976721
2873	0.05886778331976721
2874	0.03054386130978716
2876	0.07899929641669036
2880	0.010641931068436056
2896	0.04137661443393488
2923	0.022551343428203075
2966	0.03949964820834518
3009	0.03796605513660404
3098	0.013890726261009484
3132	0.04720700406254566
3236	0.11773556663953443
3258	0.015140759643538103
3290	0.022778694408752888
3319	0.04487986309014763
3348	0.03168198046213214
3356	0.03325886137243152
3358	0.04379644476521481
3427	0.03468451543683627
3434	0.053326529956366706
3468	0.02350011981749428
3523	0.026482366087748878
3532	0.04532850163492381
3541	0.03554622480532411
3553	0.042499810298373145
3565	0.07788570817660179
3580	0.021498536879998042
3611	0.042499810298373145
3624	0.04602472299125624
3632	0.05303739369115644
3634	0.06651772274486303
3649	0.026663264978183353
3659	0.042499810298373145
3690	0.05886778331976721
3702	0.014911549979033392
3706	0.01932981397815409
3710	0.03249365460679413
3718	0.05686772737194862
3730	0.1402530186335265
3771	0.029457000163634495
3786	0.019406631628061794
3796	0.06968926420896689
3809	0.028051829039876377
3817	0.05886778331976721
3868	0.028686572669111638
3884	0.022778694408752888
3919	0.054856943487641474
4029	0.05530761181364082
4049	0.04038588546788395
4077	0.04720700406254566
4146	0.013653767656109995
4203	0.021206780203743794
4207	0.025631998708596452
4239	0.042499810298373145
4297	0.013125519495372096
4324	0.04533003783695596
4326	0.03249365460679413
4327	0.024017912446489886
4359	0.018955909123982873
4374	0.03410071080229537
4379	0.05303739369115644
4387	0.013016513984510335
4393	0.029457000163634495
4428	0.009546000946522247
4460	0.03729277796581801
4616	0.05891400032726899
4654	0.015919254680823242
4661	0.028270321173684592
4690	0.02130291238384553
4742	0.022664250817461904
4836	0.08759288953042962
4872	0.04379644476521481
4885	0.020562965319484112
4906	0.034482834323614486
4921	0.010347700065291301
5021	0.04885661930758556
5085	0.04533003783695596
5089	0.027631167677299062
5119	0.12335612416460637
5120	0.030839031041151592
5204	0.04720700406254566
5205	0.011089157946756667
5208	0.05303739369115644
5217	0.09077609784721066
5227	0.02038771993494431
5232	0.022114285424559153
5233	0.026482366087748878
5252	0.04533003783695596
5253	0.05303739369115644
5274	0.04137661443393488
5288	0.05886778331976721
5291	0.04137661443393488
5329	0.05303739369115644
5338	0.03869794908957613
5370	0.027152483998902036
5432	0.04720700406254566
5452	0.029205892734198522
5485	0.033669258579734414
5610	0.018810880113934746
5616	0.03796605513660404
5755	0.024017912446489886
5769	0.05886778331976721
5792	0.018955909123982873
5842	0.0350362823628093
5860	0.07944709826324663
5867	0.07953151997751075
5996	0.016178089693902078
6019	0.0177327377809013
6027	0.022894716582051628
6042	0.010862572550461837
6052	0.01451408355706512
6058	0.05496632782909274
6139	0.026663264978183353
6145	0.01928426625324795
6153	0.028270321173684592
6192	0.016073597987389925
6235	0.025817806077454215
6236	0.02375503248300675
6264	0.0334419075991846
6361	0.05303739369115644
6421	0.013890726261009484
6431	0.031144936541942326
6441	0.031144936541942326
6472	0.042499810298373145
6475	0.03146238833720723
6495	0.03949964820834518
6517	0.033669258579734414
6538	0.02375503248300675
6565	0.05303739369115644
6599	0.040432102475385735
6610	0.023375503105587746
6648	0.013614915512191732
6663	0.0350362823628093
6678	0.027037169832354574
6687	0.036089088911014325
6775	0.24737622264436904
6798	0.015618812950412108
6810	0.049626834393825585
6858	0.02971583517671333
6887	0.03213566550799325
6904	0.01932981397815409
6917	0.05303739369115644
6929	0.03249365460679413
6974	0.044228570849118305
7004	0.017361583122668806
7005	0.08548392133821804
7023	0.049626834393825585
7154	0.010038040280035812
7156	0.036089088911014325
7159	0.026482366087748878
7190	0.036089088911014325
7194	0.04137661443393488
7237	0.004907360733799664
7277	0.04137661443393488
7322	0.0350362823628093
7339	0.2124990514918657
7391	0.04038588546788395
7436	0.02350011981749428
7452	0.018055055919491782
7518	0.01162245812395361
7527	0.029643173661054643
7547	0.03559244181282589
7609	0.04137661443393488
7690	0.031144936541942326
7770	0.05886778331976721
7793	0.09885388672470553
7803	0.03869794908957613
7826	0.05303739369115644
7828	0.03460257111668068
7852	0.07593211027320808
7866	0.04038588546788395
7877	0.02038771993494431
7919	0.027538930637833737
7930	0.036669420669762365
7950	0.03869794908957613
7956	0.05886778331976721
7997	0.09925366878765117
8005	0.06358458470828941
8039	0.05886778331976721
8047	0.0350362823628093
8053	0.04379644476521481
8057	0.013614915512191732
8059	0.03572037359594158
8069	0.03410071080229537
8087	0.05303739369115644
8101	0.049626834393825585
8121	0.014776963520548256
8131	0.0690549802537643
8136	0.03948651257124144
8166	0.020651976459138098
8191	0.04148387921528834
8218	0.040355460208849864
8225	0.028051829039876377
8231	0.05886778331976721
8258	0.025160203606764867
8291	0.005761536795020174
8293	0.013461277008860094
8294	0.018528114859385034
8296	0.022664250817461904
8319	0.018810880113934746
8370	0.02896206481556189
8384	0.03796605513660404
8388	0.03410071080229537
8414	0.1254724999807718
8420	0.07998979493455007
8424	0.030258699282403552
8482	0.02350011981749428
8486	0.049626834393825585
8517	0.05886778331976721
8524	0.05492805796808499
8539	0.024017912446489886
8683	0.024713471681176383
8721	0.03424588747125384
8803	0.09554178219241023
8821	0.11773556663953443
8832	0.02428927385682587
8859	0.010114393066354806
8874	0.022008479322512858
8914	0.049626834393825585
8915	0.04038588546788395
8918	0.023626610535023723
8943	0.08914750553014
8968	0.049626834393825585
9018	0.10826726673304297
9019	0.15129349641201778
9020	0.03869794908957613
9069	0.014259170891552648
9085	0.047770891096205116
9096	0.027631167677299062
9159	0.04379644476521481
9160	0.049626834393825585
9206	0.03869794908957613
9235	0.028725106210662404
9237	0.02885650288574972
9238	0.028051829039876377
9278	0.01220998268434906
9309	0.010317770694650357
9310	0.013688359056469751
9416	0.02004781614563397
9419	0.03213566550799325
9439	0.03729277796581801
9460	0.04379644476521481
9508	0.0350362823628093
9538	0.042997073759996084
9590	0.025008641412540812
9595	0.017241417161807243
9606	0.07788570817660179
9607	0.19260140348920618
9608	0.13736829949230975
9633	0.012908903038727108
9780	0.05303739369115644
9794	0.033669258579734414
9904	0.05303739369115644
9955	0.01818752281787911
9963	0.02783886895112363
9991	0.03146238833720723
10040	0.07593211027320808
10050	0.02038771993494431
10059	0.05303739369115644
10092	0.025471775307974412
10115	0.08914750553014
10127	0.034555495839273184
10156	0.024859761876353737
10162	0.04720700406254566
10202	0.025471775307974412
10220	0.03249365460679413
10232	0.024017912446489886
10235	0.027230545571855905
10268	0.04137661443393488
10285	0.015733279500517384
10292	0.018528114859385034
10372	0.04720700406254566
10383	0.023626610535023723
10394	0.07998979493455007
10406	0.04720700406254566
10416	0.034555495839273184
10418	0.033669258579734414
10441	0.021400155943245132
10444	0.03729277796581801
10448	0.03213566550799325
10456	0.0350362823628093
10460	0.04137661443393488
10473	0.1012581876533262
10486	0.05891400032726899
10526	0.024017912446489886
10586	0.011745705372171072
10590	0.07458555593163602
10608	0.029205892734198522
10690	0.03729277796581801
10692	0.007573988803401394
10749	0.03146238833720723
10786	0.022894716582051628
10793	0.027230545571855905
10813	0.015668147251387265
10842	0.034555495839273184
10849	0.01818752281787911
10923	0.03163582078439525
10958	0.04379644476521481
10977	0.05886778331976721
10982	0.042499810298373145
10998	0.020137081058487737
11029	0.020907012334675196
11060	0.029205892734198522
11071	0.03146238833720723
11087	0.05886778331976721
11089	0.05886778331976721
11119	0.026305275879382476
11175	0.0350362823628093
11185	0.060517398564807104
11228	0.033669258579734414
11230	0.012094253225785199
11292	0.007980606422142085
11299	0.059965777067171606
11344	0.031144936541942326
11384	0.025160203606764867
11386	0.03869794908957613
11455	0.02442830965379278
11554	0.03949964820834518
11563	0.04533003783695596
11586	0.020832875349572576
11591	0.03200759043288152
11728	0.01980160907998568
11730	0.01730128555834034
11772	0.01964138567936364
11773	0.05891400032726899
11783	0.05886778331976721
11821	0.020301447648368297
11835	0.01504832493088424
11862	0.021558304575704523
11882	0.045557388817505776
11885	0.05303739369115644
11891	0.08656950865724916
11936	0.02442830965379278
11965	0.015328733370007036
11967	0.026706558186787677
11985	0.016230826382032784
12041	0.03572037359594158
12054	0.04137661443393488
12066	0.021400155943245132
12132	0.017241417161807243
12143	0.03286755946096535
12218	0.016123175331721817
12229	0.031144936541942326
12255	0.04510268685640615
12256	0.017989596645914277
12276	0.05886778331976721
