252
80	0.020695838930689384
150	0.026786341482891156
199	0.0900720440094221
210	0.01588563457529701
215	0.029626607499999714
413	0.029823241106136576
502	0.05328586877809873
537	0.04478217744328435
614	0.016406361003891944
688	0.04578693662504158
691	0.18419614760959047
692	0.07786970064263976
693	0.11252746819670424
926	0.032835338655506766
954	0.05139230069133824
955	0.09930722170059648
956	0.022823823314906035
977	0.0397218984191574
1003	0.022728933059065683
1142	0.0604582125477284
1223	0.03002401466980737
1251	0.06674053157166267
1352	0.05165005670726994
1463	0.05139230069133824
1559	0.03339646473094504
1562	0.03496332303972342
1585	0.06925735691433188
1678	0.01928044757684152
1690	0.028353199791669524
1714	0.11410012529572461
1834	0.033111775171103516
1863	0.03866120715900148
1928	0.13161978661276674
1951	0.013748440734034705
1959	0.06130603141629561
1976	0.04091550321802769
2059	0.01353004053162665
2101	0.07452627791240338
2108	0.0224497992185946
2249	0.03567004571470237
2269	0.03531013915173104
2362	0.03310690959953318
2446	0.0415734462877773
2497	0.3205085563752911
2536	0.0415734462877773
2548	0.015889379774436295
2608	0.18391809424888683
2609	0.1605608552266647
2632	0.023016484251945822
2640	0.026931938082431838
2683	0.038825799190698354
2686	0.06301797851054547
2874	0.03462867845716594
2881	0.02046966883528546
3030	0.04818356953583119
3077	0.02351588589164105
3084	0.18314774650016633
3121	0.0906873188215926
3165	0.05964648221227315
3259	0.03360753634739919
3270	0.04304348760224436
3378	0.060130408323608775
3427	0.013107695851145825
3505	0.04304348760224436
3567	0.02722997458921011
3580	0.04874733507766595
3581	0.03043870574471716
3722	0.0302291062738642
3740	0.015613147694061798
3763	0.046910161827501004
3772	0.025440960662893707
3795	0.2045775160901385
3796	0.019752308800553658
3849	0.029626607499999714
3878	0.027855535991073346
3919	0.03109664881446676
4006	0.015479769407569382
4084	0.02818440968569094
4099	0.03256669012893381
4297	0.02976175078707955
4327	0.02722997458921011
4333	0.048973051132825754
4356	0.05626373409835212
4359	0.021490998641593664
4387	0.014757291909860144
4423	0.020032811140995477
4451	0.05357268296578231
4479	0.023114294258392128
4678	0.03256669012893381
4743	0.029626607499999714
4788	0.06674053157166267
4839	0.19273427814332475
4874	0.04478217744328435
4952	0.015479769407569382
5033	0.05626373409835212
5091	0.06798536672990318
5127	0.020772436868843815
5205	0.02514435755219444
5216	0.03109664881446676
5241	0.032835338655506766
5370	0.030783751542573838
5459	0.043873262204255574
5464	0.06674053157166267
5523	0.027079792083339348
5549	0.046910161827501004
5553	0.030653015708147806
5604	0.019961908271406616
5664	0.027695256721919928
5667	0.0391768133769877
5689	0.03462867845716594
5790	0.07634410839046095
5984	0.021490998641593664
6096	0.06674053157166267
6145	0.02186326897549526
6161	0.12530581005311586
6166	0.05352028507555489
6179	0.0397218984191574
6181	0.023114294258392128
6202	0.09636713907166237
6242	0.030523071620502
6263	0.027382560116897704
6264	0.037914298179298776
6265	0.020176218234837267
6329	0.05514132818058592
6394	0.016309544009580613
6395	0.026353600887213446
6467	0.060130408323608775
6544	0.13112607703726437
6554	0.025316300168424097
6590	0.3006520416180439
6610	0.026501651923049627
6631	0.06992664607944683
6639	0.015978221632954537
6772	0.03320598922005761
6914	0.12894599184956199
6918	0.03368991533139323
6933	0.026633060598346005
6962	0.019683453685327333
7004	0.039366907370654666
7009	0.13434653232985305
7154	0.022760977446296713
7203	0.04304348760224436
7285	0.032619088019161226
7377	0.06513338025786762
7454	0.007552190372736039
7470	0.04030003857944711
7476	0.041578636761694716
7518	0.03953040133082017
7524	0.025567272337703277
7532	0.03180337148944572
7704	0.050632600336848195
7790	0.05964648221227315
7845	0.057050062647862304
7872	0.06674053157166267
8059	0.10124369337901509
8078	0.17220009542206294
8121	0.016753177115899565
8190	0.014635289494965571
8308	0.03399268336495159
8340	0.08608697520448871
8502	0.0391768133769877
8511	0.03399268336495159
8514	0.03567004571470237
8539	0.02722997458921011
8668	0.05352028507555489
8720	0.02032181483437795
8753	0.049201470438512244
8804	0.018706176920370212
8911	0.009579765590373513
8918	0.026786341482891156
8970	0.019214905105581083
9078	0.060130408323608775
9096	0.031326452513278966
9201	0.06497492416894197
9237	0.049073488926007935
9243	0.01389687006552244
9261	0.020395455293200367
9262	0.018644452484627164
9278	0.0046142994174348745
9309	0.005848814597408651
9310	0.04267721404979367
9405	0.0501085590918695
9534	0.017541757735801515
9550	0.08261288045561106
9569	0.034305379969973814
9570	0.0391768133769877
9576	0.0415734462877773
9578	0.06861075993994763
9598	0.028353199791669524
9607	0.02426212951845702
9633	0.014635289494965571
9689	0.03180337148944572
9752	0.11312031618756194
9772	0.046228588516784255
9782	0.025316300168424097
9889	0.03180337148944572
9910	0.05139230069133824
9918	0.056037110418224116
9961	0.046910161827501004
10120	0.11451616258569142
10121	0.04818356953583119
10182	0.036839229521918086
10186	0.03726313895620169
10187	0.060130408323608775
10273	0.03180337148944572
10279	0.018341684451068808
10285	0.017837387073439844
10385	0.017432769212040036
10403	0.03604406981101382
10525	0.04304348760224436
10564	0.04849841074721646
10586	0.013316530299173002
10587	0.03866120715900148
10595	0.022358541182196226
10605	0.029059922466648482
10637	0.04965361085029824
10653	0.03180337148944572
10662	0.03604406981101382
10692	0.017173809182214988
10728	0.01852218937367787
10784	0.10582468191662962
10813	0.017763544290779087
10841	0.06360674297889143
10882	0.021828605296555642
10923	0.03586667234244931
10924	0.03001216292760001
11097	0.0604582125477284
11100	0.058490201891693724
11115	0.031326452513278966
11230	0.013711691586324062
11272	0.027079792083339348
11292	0.009047901667789415
11458	0.030580934776937126
11573	0.03156193094717658
11664	0.01982166468465293
11728	0.0224497992185946
11787	0.043873262204255574
11890	0.012769490477447486
11922	0.0229196672576345
11954	0.09468579284152974
11967	0.030278189347707842
11985	0.018401473938640535
12020	0.05362920695507697
12066	0.02426212951845702
12108	0.02226814816389719
12109	0.017596722683523483
12122	0.046910161827501004
12128	0.07452627791240338
12183	0.12026081664721755
12218	0.042651994130187755
12229	0.03531013915173104
12257	0.08183100643605538
