295
6	0.03392377125919171
203	0.052481839207704134
206	0.13773987089082426
236	0.037306022372312786
348	0.06413943309025733
366	0.02183442606234612
406	0.060014959306245154
461	0.03804824504320388
532	0.018032906513498523
557	0.04288927751722627
578	0.09387568009571255
579	0.03673290255904997
582	0.04776790236150494
621	0.0745888072687149
628	0.022576048606090925
663	0.023192734625053713
673	0.04123883370986115
697	0.07411702269961255
726	0.01912899059738703
848	0.03224454636656004
917	0.026743352785901908
930	0.05296412480159329
938	0.01982210224988797
960	0.026890340016225398
1120	0.054818736866156806
1123	0.026240919603852067
1144	0.054818736866156806
1292	0.048839651017581115
1341	0.07591465378982322
1353	0.022835778562216955
1448	0.025417285784176857
1500	0.035936095071649854
1566	0.024447771194409596
1612	0.019007891500802298
1678	0.0205659168427683
1722	0.04127262599794728
1785	0.05003776408095359
1838	0.037664342728917076
1841	0.02920821480216257
1951	0.04399523730872934
1977	0.05003776408095359
1993	0.05296412480159329
2047	0.04298692957630172
2048	0.19431227896144776
2053	0.035024541914908794
2078	0.02553094287692369
2084	0.02310231443881141
2090	0.057088598585605464
2260	0.060014959306245154
2262	0.08597385915260344
2267	0.06671924031485156
2298	0.03531940905268707
2317	0.02687293675453984
2351	0.07004908382981759
2395	0.05003776408095359
2436	0.023849233626244755
2538	0.02553094287692369
2548	0.01694875919357437
2627	0.030803648413973775
2638	0.016750075021333022
2647	0.03181162128763768
2652	0.026743352785901908
2762	0.04022076435499714
2763	0.055099353838574956
2821	0.04776790236150494
2880	0.012869550673808804
2882	0.035024541914908794
3035	0.03804824504320388
3064	0.025083741018150394
3099	0.035024541914908794
3109	0.06085371408597056
3135	0.060014959306245154
3142	0.023012690916545238
3179	0.05745509763820672
3258	0.018310095434691524
3337	0.027408439549505916
3419	0.035936095071649854
3427	0.013981614368680785
3501	0.06413943309025733
3512	0.05296412480159329
3529	0.0745888072687149
3567	0.029045456066333106
3581	0.03246812028882873
3688	0.02920821480216257
3784	0.04620462887762282
3786	0.023468920023928138
3812	0.02648903444025303
3855	0.034459274054157794
3857	0.027004192820489662
3868	0.034691382442612106
4006	0.03302367842992293
4029	0.011147477343877735
4148	0.04123883370986115
4164	0.0336662333522012
4173	0.05509367803483288
4249	0.03929538087121191
4316	0.022748462970527666
4387	0.015741192575175648
4408	0.01699402445782098
4623	0.04123883370986115
4639	0.04364342857749276
4654	0.019251548754321245
4656	0.060014959306245154
4711	0.04123883370986115
4749	0.07689441227480882
4797	0.03693744757152069
4802	0.019375601559750075
4885	0.024867302981108758
4887	0.02266189049926637
4911	0.02121774004338333
4914	0.11414473512961164
4921	0.05005491935298237
4952	0.016511839214961466
4976	0.11248029033019147
4982	0.027241720218066416
4998	0.059773226133737645
5037	0.03844720613740441
5127	0.022157380297510697
5264	0.05003776408095359
5277	0.019251548754321245
5300	0.16445621059847043
5317	0.022157380297510697
5334	0.027271897848740373
5383	0.06747277519061148
5435	0.0777249115845791
5436	0.045913290296941425
5498	0.03042685704298528
5510	0.033169929850345274
5530	0.054818736866156806
5613	0.04298692957630172
5624	0.032930572831079336
5642	0.03804824504320388
5655	0.03886245579228955
5683	0.023320940547105817
5684	0.024144100764023034
5737	0.033169929850345274
5746	0.04123883370986115
5781	0.036259049306814436
5787	0.018969157548205426
5788	0.04022076435499714
5809	0.057088598585605464
5987	0.026240919603852067
5989	0.03531940905268707
6040	0.018423121086116333
6058	0.022157380297510697
6108	0.04750562781864382
6133	0.021368442117881945
6186	0.045913290296941425
6206	0.031396371632752544
6265	0.0430428209475398
6277	0.060014959306245154
6287	0.030803648413973775
6329	0.029408860075526854
6395	0.014055326314232886
6422	0.025645884257782067
6491	0.025998712828586547
6567	0.03531940905268707
6568	0.03392377125919171
6648	0.04939456306669927
6674	0.05003776408095359
6678	0.03269671876243394
6701	0.03246812028882873
6753	0.06320771423368798
6809	0.023012690916545238
6851	0.060014959306245154
6913	0.03388952858776766
6914	0.04584770028491903
6979	0.09767930203516223
6981	0.02888526056699799
6987	0.1649553348394446
7059	0.0711902675949092
7061	0.03099741053855201
7068	0.28154535048498003
7184	0.02857224497842177
7207	0.05809091213266621
7208	0.026240919603852067
7210	0.054818736866156806
7231	0.02648903444025303
7239	0.28154535048498003
7355	0.04237024355733894
7428	0.02937362013719364
7452	0.02183442606234612
7453	0.04481286234921599
7476	0.029567183115388494
7518	0.028110652628465772
7606	0.05003776408095359
7704	0.027004192820489662
7790	0.22268134901346376
7799	0.08597385915260344
7817	0.04776790236150494
7845	0.03042685704298528
7847	0.04071706785685308
7878	0.08044152870999428
7905	0.11417719717121093
7919	0.00832587763129986
8010	0.02937362013719364
8131	0.08350989702335018
8294	0.022406507948566152
8331	0.062335751715510826
8381	0.03224454636656004
8446	0.06413943309025733
8626	0.04123883370986115
8627	0.05296412480159329
8638	0.04434523813900931
8690	0.023849233626244755
8720	0.02167671431445149
8887	0.045913290296941425
8911	0.010218469344118287
8938	0.024447771194409596
9023	0.034187999205209284
9069	0.017243968333869774
9074	0.045913290296941425
9095	0.03929538087121191
9115	0.08474048711467788
9117	0.04123883370986115
9118	0.03042685704298528
9141	0.04298692957630172
9154	0.037664342728917076
9173	0.08965983920060648
9203	0.02888526056699799
9243	0.01482340453992251
9271	0.15418821793098356
9278	0.003937555815689034
9309	0.006238767754725572
9310	0.03310734290339961
9357	0.02754683901741644
9416	0.02424432033305356
9517	0.020707199724684232
9546	0.0123873654309493
9596	0.049734605962217515
9598	0.030243569129705574
9625	0.053772335553126514
9633	0.015611055994614497
9640	0.04155716781034055
9652	0.08728685715498552
9753	0.06413943309025733
9782	0.054008385640979324
9783	0.041788816512929254
9790	0.04382841692656775
9873	0.05139607264366119
9907	0.05003776408095359
9966	0.03804824504320388
10021	0.045913290296941425
10075	0.022835778562216955
10106	0.022157380297510697
10107	0.035024541914908794
10110	0.04123883370986115
10118	0.04071706785685308
10156	0.03006352542119711
10176	0.03929538087121191
10191	0.02971272500391824
10204	0.11188321090307235
10285	0.006342214788368678
10288	0.04789315206780029
10292	0.022406507948566152
10360	0.057088598585605464
10376	0.045099079547855754
10391	0.08525782986760146
10393	0.024144100764023034
10394	0.03224454636656004
10608	0.1412776362107483
10610	0.05874724027438728
10613	0.02424432033305356
10620	0.020778583905170275
10718	0.02183442606234612
10780	0.04434523813900931
10812	0.08306144251087652
10813	0.018947878323934676
10817	0.05139607264366119
10877	0.22095938868985168
10923	0.01912899059738703
10924	0.01600656946838752
10998	0.03246969413580173
11011	0.05942545000783648
11041	0.02796322873736157
11138	0.037664342728917076
11226	0.07609649008640776
11272	0.02888526056699799
11279	0.04434523813900931
11458	0.0108732773463903
11627	0.05296412480159329
11640	0.04022076435499714
11672	0.06405156172069182
11862	0.026070991382507343
11878	0.028120072582547867
11890	0.04086258032709962
11952	0.10908759139496149
11965	0.0370748334305084
11967	0.010765633971805017
11968	0.05745509763820672
12107	0.02937362013719364
12118	0.13303571441702794
12127	0.02519371186190817
12184	0.05874724027438728
12218	0.02599754006046724
