242
21	0.058951858042412736
50	0.03879706638474815
57	0.043517755153136585
70	0.03936785782846201
73	0.05513539549988396
105	0.029945307327242862
152	0.047385986047998874
169	0.03747877661387448
210	0.019963428773497403
230	0.02320068779123885
326	0.030490144554142225
420	0.03798882613875614
447	0.036752229628525215
481	0.020617824096420045
615	0.05513539549988396
621	0.043938301984719354
665	0.034031092550594964
668	0.03521083332253066
669	0.05141838875578112
755	0.032291179815157944
835	0.06725877987301866
1337	0.05754030433836585
1352	0.03245423477844941
1445	0.02880307630401929
1522	0.023430426869853384
1574	0.03278715493451116
1602	0.021440292475307366
1612	0.022394096579295555
1739	0.0208026764234107
1794	0.02055683488117872
1880	0.13451755974603732
1909	0.04236232238422196
1938	0.2677574915903564
1951	0.017277623757464566
1990	0.058951858042412736
2078	0.030079212127351134
2080	0.05513539549988396
2087	0.2878242281550097
2133	0.028097910867481816
2156	0.03460645207323971
2173	0.027324458323507505
2174	0.039967200458830704
2206	0.025446528458873213
2221	0.06458454835371347
2222	0.0283283863346142
2229	0.047970704692501615
2255	0.06458454835371347
2310	0.045296473173196405
2360	0.07070646393629819
2361	0.03441158021976452
2444	0.02639816746553739
2599	0.05513539549988396
2632	0.028924745927025965
2652	0.03150760962184478
2657	0.0283283863346142
2659	0.06613402117379497
2703	0.07070646393629819
2739	0.06335173344293217
2750	0.058594693114914775
2763	0.021638385496636933
2971	0.032130313575264066
3003	0.08387262353423053
3031	0.06239954210569227
3132	0.06725877987301866
3258	0.02157199000863896
3305	0.05064493621180681
3313	0.06239954210569227
3319	0.0319715780767626
3604	0.03966378286189568
3624	0.03278715493451116
3661	0.019071157857210946
3667	0.04027849990736852
3710	0.046295747969362075
3740	0.01962099533657882
3796	0.024822666540823803
3844	0.07070646393629819
3859	0.05910468490487622
3868	0.02043577976169378
3873	0.03879706638474815
4006	0.01945337924861573
4076	0.03541926214004211
4146	0.01945337924861573
4147	0.06271372206257951
4171	0.12916909670742693
4173	0.03245423477844941
4183	0.05313336005676304
4194	0.0755657017036246
4203	0.060429260016132344
4222	0.06490846955689882
4357	0.05409262027508634
4408	0.020021464504008272
4428	0.027201572693708646
4463	0.18739388306937238
4567	0.03936785782846201
4723	0.07070646393629819
4809	0.045024254995534134
4863	0.03500596756582442
4986	0.03159883784744557
5162	0.024822666540823803
5205	0.015799418923722785
5277	0.022681160721434564
5294	0.0755657017036246
5317	0.026104658389158594
5327	0.05064493621180681
5351	0.043517755153136585
5403	0.06055214564593121
5498	0.035847320319366896
5510	0.03907906421739295
5560	0.08387262353423053
5588	0.05754030433836585
5642	0.04482643822615711
5653	0.05754030433836585
5684	0.02844530779791929
5827	0.01784615826050696
5996	0.023049939200683826
6027	0.03261953884654807
6042	0.015476588496448836
6048	0.07001193513164884
6058	0.026104658389158594
6084	0.05754030433836585
6085	0.06725877987301866
6181	0.02904766346536986
6242	0.019179125748990066
6395	0.01655924513884983
6435	0.056277626523107534
6465	0.046295747969362075
6477	0.04437414474043352
6554	0.03181491761158464
6570	0.0431114669251752
6587	0.05409262027508634
6601	0.04682847366927803
6620	0.02225310254210977
6639	0.02007978264794495
6648	0.03879604832414227
6668	0.05313336005676304
6680	0.031207985142501178
6772	0.02086493295266262
6809	0.05422468061887237
6885	0.05409262027508634
6995	0.039967200458830704
7014	0.07123128355910885
7099	0.031356861031289755
7109	0.16774524706846106
7198	0.03958197807375177
7237	0.027967298658887033
7394	0.047385986047998874
7412	0.081852921354308
7453	0.02639807701450374
7526	0.0781581284347859
7619	0.047385986047998874
7691	0.0755657017036246
7718	0.039967200458830704
7784	0.4471932325269559
7806	0.03936785782846201
7919	0.009809110483130426
7932	0.043938301984719354
7940	0.06239954210569227
8083	0.04271850205037045
8136	0.09376485226159666
8141	0.03907906421739295
8188	0.027324458323507505
8218	0.043122716672485906
8287	0.040926460677154
8291	0.049252937277671736
8293	0.03835825149798013
8331	0.02448023310390523
8336	0.03521083332253066
8344	0.06458454835371347
8351	0.047970704692501615
8352	0.08604788853595362
8378	0.047970704692501615
8392	0.05409262027508634
8393	0.06725877987301866
8405	0.06921290414647942
8524	0.019564862423979756
8795	0.027217930022704513
8805	0.04271850205037045
8851	0.04437414474043352
8892	0.03966378286189568
8925	0.03563138015411342
8956	0.04395199056979416
8966	0.03541926214004211
9012	0.07350445925705043
9023	0.04027849990736852
9046	0.12483440218755484
9139	0.03773108814218925
9145	0.03747877661387448
9153	0.07001193513164884
9183	0.05754030433836585
9226	0.056277626523107534
9278	0.018556083449694612
9309	0.007350187559163113
9310	0.009751331893273015
9456	0.03606722290982759
9541	0.0755657017036246
9583	0.07001193513164884
9584	0.05144834143997807
9596	0.08789203967237216
9625	0.06335173344293217
9836	0.04161146739585162
9859	0.06458454835371347
10097	0.03698955134259047
10137	0.027431942047831545
10220	0.046295747969362075
10355	0.07070646393629819
10527	0.056277626523107534
10543	0.02942416631158332
10586	0.016734843224397274
10595	0.028097910867481816
10616	0.0825281409308283
10972	0.019288075180517065
10998	0.019127041690727226
11048	0.03907906421739295
11064	0.01945337924861573
11113	0.03261953884654807
11114	0.05513539549988396
11115	0.03936785782846201
11209	0.034031092550594964
11226	0.04482643822615711
11292	0.011370470574427473
11373	0.06239954210569227
11379	0.05224522381532528
11398	0.0755657017036246
11449	0.08387262353423053
11477	0.06725877987301866
11478	0.06239954210569227
11591	0.015201073950372795
11674	0.08387262353423053
11730	0.024650226804202296
11744	0.056277626523107534
11952	0.032130313575264066
11956	0.03747877661387448
11965	0.02183980796789209
11972	0.05313336005676304
11985	0.02312507646831292
12020	0.13479132333708654
12022	0.04858542173797445
12041	0.025446528458873213
12051	0.02439613202241648
12196	0.043517755153136585
12218	0.00765723308807864
12238	0.08943864650539118
